1305031102.175304 0 0 0 0 0 0 1
1305031102.211214 -0.0019604 0.0100448 0.0125366 -0.00139273 -0.00318026 -0.00127281 0.999993
1305031102.275326 -0.00261131 0.00855844 0.0381397 -0.0135855 -0.00928815 -0.000562009 0.999864
1305031102.311267 -0.00115656 0.00807666 0.0551683 -0.018286 -0.0122754 0.000725035 0.999757
1305031102.343233 -0.000595213 0.00933841 0.0670184 -0.0201449 -0.0144841 0.00277463 0.999688
1305031102.375329 -0.000927271 0.0107871 0.0795903 -0.0221124 -0.0164657 0.00315552 0.999615
1305031102.411258 -0.00462853 0.0144011 0.0882388 -0.0231631 -0.0180394 0.00197392 0.999567
1305031102.443271 -0.00460052 0.0214175 0.10007 -0.0269247 -0.0218975 0.00172434 0.999396
1305031102.475318 -0.00398344 0.0202431 0.114441 -0.0347358 -0.0243391 0.00118583 0.999099
1305031102.511219 -0.0027308 0.0215251 0.129334 -0.039451 -0.0240608 -7.23363e-05 0.998932
1305031102.575286 -0.00371573 0.020493 0.159077 -0.0456258 -0.0212749 -0.00364722 0.998725
1305031102.611233 -0.00608595 0.0196059 0.171804 -0.0429054 -0.0178969 -0.00256038 0.998916
1305031102.675285 -0.0103324 0.0276944 0.191474 -0.041294 -0.017385 -0.00134975 0.998995
1305031102.711263 -0.00964451 0.0273221 0.20589 -0.0426266 -0.0182796 0.000187595 0.998924
1305031102.743234 -0.0110221 0.0338668 0.217187 -0.0423015 -0.0180586 0.00113997 0.998941
1305031102.775472 -0.00988978 0.0351231 0.233116 -0.0445439 -0.0165117 -0.000617298 0.998871
1305031102.811232 -0.010934 0.0389908 0.245495 -0.0449764 -0.0132063 -0.00216626 0.998898
1305031102.843290 -0.00991292 0.0405189 0.261401 -0.046866 -0.0103739 -0.00270563 0.998844
1305031102.875363 -0.0128983 0.0432198 0.272235 -0.0460112 -0.00652529 -0.00466261 0.998909
1305031102.911185 -0.014619 0.045318 0.283257 -0.0457269 -0.00458393 -0.00646049 0.998923
1305031102.975203 -0.0247835 0.0480824 0.299479 -0.047062 -0.00782802 -0.00847748 0.998825
1305031103.011215 -0.0234834 0.0495555 0.310906 -0.0489131 -0.0150991 -0.00578523 0.998672
1305031103.043227 -0.0246582 0.0528061 0.321665 -0.0504589 -0.0208606 -0.00345683 0.998502
1305031103.075319 -0.0208264 0.0539825 0.336287 -0.0503259 -0.0256013 -0.000872556 0.998404
1305031103.111240 -0.0226979 0.0606965 0.343309 -0.0477374 -0.0244419 -0.000608957 0.998561
1305031103.143318 -0.0232465 0.0630209 0.354575 -0.0495027 -0.0244799 0.00101515 0.998473
1305031103.175452 -0.0233022 0.0675332 0.360822 -0.0497882 -0.0229473 0.00148787 0.998495
1305031103.243216 -0.0243318 0.0742051 0.37526 -0.0618028 -0.0225379 0.00543684 0.997819
1305031103.275370 -0.0307786 0.0735633 0.377703 -0.0721816 -0.0223926 0.00891768 0.9971
1305031103.311210 -0.028962 0.0696949 0.386123 -0.0800018 -0.0331307 0.010006 0.996194
1305031103.343223 -0.0232992 0.0730643 0.392934 -0.0794346 -0.039939 0.0096237 0.995993
1305031103.375327 -0.0226348 0.072242 0.393954 -0.0832799 -0.0384863 0.0115772 0.995715
1305031103.411260 -0.0228799 0.0682688 0.392339 -0.0857724 -0.03796 0.0130788 0.995505
1305031103.443280 -0.0241868 0.0666903 0.386994 -0.0854821 -0.0397669 0.0127915 0.995464
1305031103.475274 -0.024 0.0644324 0.384145 -0.0847774 -0.0427581 0.0111368 0.99542
1305031103.511333 -0.0225336 0.0605304 0.378774 -0.082433 -0.0450998 0.00926732 0.995532
1305031103.543444 -0.0218419 0.0567009 0.371207 -0.0781804 -0.0465658 0.00797673 0.995819
1305031103.575474 -0.0230134 0.0529627 0.358788 -0.0741253 -0.0470304 0.00759561 0.99611
1305031103.611223 -0.0222903 0.0483628 0.348881 -0.0722017 -0.0506246 0.00991041 0.996055
1305031103.643445 -0.0219047 0.0446728 0.338323 -0.0691752 -0.0546779 0.0104194 0.99605
1305031103.675523 -0.0196328 0.041151 0.327625 -0.0664046 -0.0577738 0.0105493 0.996063
1305031103.711610 -0.0188061 0.0380946 0.316507 -0.0636059 -0.05864 0.0097586 0.996203
1305031103.743326 -0.0168143 0.0333478 0.305556 -0.0611941 -0.0588017 0.00945312 0.996347
1305031103.775342 -0.0166185 0.0309157 0.2899 -0.0576798 -0.0578716 0.00598307 0.996638
1305031103.811242 -0.0155162 0.0290895 0.275743 -0.0575101 -0.056864 0.002168 0.996722
1305031103.843251 -0.0190468 0.0266745 0.257532 -0.0607097 -0.0548272 -0.000773329 0.996648
1305031103.875361 -0.0194818 0.0142099 0.243481 -0.0698497 -0.0574123 -0.00397755 0.995896
1305031103.911221 -0.0170117 0.00904968 0.232143 -0.0686656 -0.062353 -0.00486184 0.995677
1305031103.943211 -0.0154969 0.0061021 0.217331 -0.0666015 -0.0652264 -0.00546423 0.99563
1305031103.975373 -0.0133443 0.00121 0.204351 -0.0648758 -0.0673773 -0.00648755 0.995595
1305031104.011232 -0.00927539 -0.00217917 0.194813 -0.060128 -0.0686821 -0.00750044 0.995797
1305031104.043249 -0.00566956 -0.00469922 0.180375 -0.0525735 -0.0661446 -0.00947306 0.996379
1305031104.075425 -0.00330415 -0.00273822 0.166699 -0.0470504 -0.0619589 -0.0125185 0.99689
1305031104.111235 -0.000406191 -0.00822534 0.156609 -0.044559 -0.0566636 -0.0139513 0.997301
1305031104.143230 -0.000633162 -0.0122384 0.139869 -0.0398673 -0.0503932 -0.0144211 0.997829
1305031104.175424 -0.00063747 -0.0143069 0.124325 -0.0353943 -0.0467618 -0.0152595 0.998162
1305031104.211283 0.00186445 -0.0192735 0.112136 -0.0318704 -0.0449587 -0.0149461 0.998368
1305031104.243196 0.0027647 -0.0216618 0.0984915 -0.0273836 -0.0425705 -0.0144982 0.998613
1305031104.275546 0.00408095 -0.0225956 0.0860888 -0.0225438 -0.0401529 -0.0152817 0.998822
1305031104.311219 0.00686254 -0.0240815 0.0756047 -0.0188328 -0.037675 -0.0151831 0.998997
1305031104.343342 0.00844883 -0.0227158 0.0664932 -0.0148289 -0.033997 -0.0153138 0.999195
1305031104.375837 0.00863811 -0.0228689 0.0563673 -0.0128001 -0.0291714 -0.0146126 0.999386
1305031104.411509 0.00776317 -0.0250874 0.0456167 -0.0119485 -0.0250887 -0.0135663 0.999522
1305031104.443288 0.00438278 -0.0248555 0.0335146 -0.0113286 -0.0227249 -0.0128177 0.999595
1305031104.475456 0.00299794 -0.0273412 0.0228064 -0.0122427 -0.023961 -0.0119507 0.999566
1305031104.511329 0.00262424 -0.0327912 0.0120946 -0.0126089 -0.0264469 -0.010487 0.999516
1305031104.543368 0.0057545 -0.0347752 0.00342551 -0.00955731 -0.0293455 -0.0092607 0.999481
1305031104.575343 0.0121775 -0.0327058 -0.00217274 -0.00360229 -0.0308481 -0.00845973 0.999482
1305031104.611336 0.0182436 -0.0385058 -0.00796922 0.00513736 -0.0275508 -0.00603967 0.999589
1305031104.643243 0.0187513 -0.033406 -0.017448 0.019216 -0.0196547 -0.00611662 0.999603
1305031104.675525 0.0231434 -0.0397591 -0.0275109 0.0288666 -0.0124765 -0.00420661 0.999497
1305031104.711277 0.0243605 -0.0418401 -0.0398586 0.0424823 -0.00498889 -0.00206043 0.999083
1305031104.743280 0.0280328 -0.0408993 -0.050237 0.0557373 0.00151928 -3.69873e-05 0.998444
1305031104.775327 0.0291039 -0.0428846 -0.0626445 0.0670247 0.00869668 0.00138646 0.997712
1305031104.811465 0.0323221 -0.03956 -0.0701828 0.0782183 0.0147973 0.00408385 0.996818
1305031104.843258 0.0314421 -0.0355839 -0.0754304 0.08708 0.0217405 0.00664727 0.995942
1305031104.875350 0.0294403 -0.0292585 -0.0814338 0.0935116 0.0251072 0.00911002 0.99526
1305031104.911534 0.0321911 -0.0254831 -0.081961 0.0961313 0.0254203 0.0115844 0.994977
1305031104.943262 0.0319918 -0.0242737 -0.0825984 0.0968538 0.0262449 0.0122681 0.994877
1305031104.975202 0.0309063 -0.0178934 -0.0793348 0.0967209 0.025584 0.012653 0.994902
1305031105.011290 0.0321512 -0.0148332 -0.0718569 0.0921177 0.024684 0.0134503 0.995351
1305031105.043373 0.0308601 -0.011535 -0.0626687 0.0867067 0.0242612 0.0121356 0.995864
1305031105.075320 0.0319882 -0.0120722 -0.0531826 0.0792371 0.0229238 0.0104263 0.996538
1305031105.111299 0.0286337 -0.0151 -0.0409179 0.0724638 0.0225134 0.00893073 0.997077
1305031105.143106 0.0252371 -0.00507888 -0.028535 0.0681545 0.0199753 0.0066246 0.997453
1305031105.175159 0.0220214 -0.00170023 -0.0149175 0.0552095 0.0169016 0.00279054 0.998328
1305031105.211268 0.0188432 -0.010421 0.0010019 0.0409491 0.0130602 0.00102345 0.999075
1305031105.243270 0.0152819 -0.00945931 0.0158607 0.0323719 0.0074386 -0.000982679 0.999448
1305031105.275288 0.0117668 -0.00263364 0.0329193 0.0234306 0.000853038 -0.00198767 0.999723
1305031105.311290 0.0102688 -0.00557826 0.0498014 0.0121798 -0.00726348 -0.0025036 0.999896
1305031105.343302 0.0123123 -0.00973204 0.0685512 0.00260884 -0.0153701 -0.00208646 0.999876
1305031105.375338 0.00869103 -0.00916786 0.0822096 -0.000504388 -0.0198763 -0.00229812 0.9998
1305031105.411286 0.00664657 -0.00424667 0.0940793 -0.00536619 -0.0243312 -0.00360352 0.999683
1305031105.443316 0.00839118 -0.00801504 0.112359 -0.0135133 -0.0299151 -0.00359666 0.999455
1305031105.475280 0.00623889 -0.00707528 0.126232 -0.0169387 -0.0330023 -0.00401065 0.999304
1305031105.511332 0.00760563 -0.00480506 0.141798 -0.0214153 -0.0367039 -0.00395622 0.999089
1305031105.543282 0.00701809 -0.0058965 0.157525 -0.0261712 -0.0376412 -0.00280656 0.998945
1305031105.575449 0.00417307 -0.00413401 0.171538 -0.0289208 -0.0383363 -0.00289728 0.998842
1305031105.611378 0.00482648 -0.0051001 0.189109 -0.0319181 -0.0399287 -0.00265722 0.998689
1305031105.643273 0.00217535 -0.00433774 0.200927 -0.032733 -0.039519 -0.000184608 0.998683
1305031105.711309 0.00788333 -0.00362466 0.235855 -0.0346749 -0.0408261 0.00140387 0.998563
1305031105.743312 0.00764546 0.00251331 0.250261 -0.031839 -0.0369866 0.0015795 0.998807
1305031105.775339 0.00851238 0.00339737 0.266657 -0.0326064 -0.0324566 0.00166318 0.99894
1305031105.811283 0.00857523 0.00410074 0.280332 -0.0316096 -0.0275245 0.00240163 0.999118
1305031105.843271 0.00928786 0.0063289 0.295074 -0.0301579 -0.023995 0.0031406 0.999252
1305031105.875337 0.00923567 0.0118029 0.306938 -0.0289388 -0.0184439 0.00412076 0.999403
1305031105.911262 0.00827832 0.0146124 0.320037 -0.0318671 -0.0137231 0.00809122 0.999365
1305031105.943272 0.00713386 0.0192959 0.33098 -0.0342762 -0.00975623 0.0105752 0.999309
1305031105.975329 0.00642076 0.0219412 0.343183 -0.0392896 -0.00722597 0.011224 0.999139
1305031106.011285 0.00675123 0.0261848 0.35608 -0.043655 -0.00512463 0.0130895 0.998948
1305031106.043355 0.00379973 0.0290266 0.367474 -0.0485046 -0.0016233 0.0130727 0.998736
1305031106.075330 0.00315721 0.0315451 0.377666 -0.0531284 -0.000762485 0.0146254 0.99848
1305031106.111327 0.00117976 0.0375948 0.387753 -0.0579031 -0.000315955 0.0153398 0.998204
1305031106.143355 -0.000536886 0.0391256 0.400008 -0.0654713 -0.00171651 0.0173746 0.997702
1305031106.175534 -0.00188894 0.0416387 0.411119 -0.0696463 -0.00335614 0.0184878 0.997395
1305031106.211275 -0.00321014 0.0423556 0.422424 -0.0733446 -0.0048349 0.0188047 0.997118
1305031106.243267 -0.00545225 0.0458842 0.429543 -0.0728085 -0.0055272 0.0220273 0.997087
1305031106.276385 -0.00762932 0.0504989 0.433792 -0.0734095 -0.00634141 0.0220946 0.997037
1305031106.311238 -0.00764184 0.0528228 0.439147 -0.0773515 -0.00773418 0.0245484 0.996672
1305031106.343258 -0.00984792 0.0578428 0.439677 -0.0823848 -0.00793105 0.0248413 0.996259
1305031106.375388 -0.00754726 0.0598352 0.446732 -0.0910985 -0.00910925 0.0178194 0.995641
1305031106.411320 -0.00789439 0.0570189 0.452192 -0.0971539 -0.00361266 0.0100492 0.995212
1305031106.443278 -0.0094702 0.0546115 0.448525 -0.0983846 0.000341718 0.00758676 0.995119
1305031106.475345 -0.0113703 0.0520039 0.443417 -0.0983424 0.000146561 0.00642011 0.995132
1305031106.511129 -0.0128195 0.0477026 0.43733 -0.0973649 -0.00269027 0.00676541 0.995222
1305031106.543302 -0.0125673 0.0449676 0.428006 -0.0937764 -0.00692751 0.00481263 0.995558
1305031106.575282 -0.0122723 0.0419562 0.416848 -0.090853 -0.00875517 0.00379443 0.995819
1305031106.611151 -0.0132123 0.0413698 0.40484 -0.0897886 -0.0115497 0.00139468 0.995893
1305031106.643207 -0.0115715 0.0355161 0.39597 -0.0904849 -0.015447 -0.0002252 0.995778
1305031106.675279 -0.0119592 0.0322221 0.379383 -0.0884908 -0.0183331 -0.000265105 0.995908
1305031106.711508 -0.0128793 0.028939 0.367305 -0.0903299 -0.0240508 3.62594e-05 0.995621
1305031106.743341 -0.0124305 0.0246058 0.353156 -0.088997 -0.0308923 0.000157289 0.995553
1305031106.775390 -0.00999552 0.0223062 0.339262 -0.0874683 -0.0379202 -8.35571e-06 0.995445
1305031106.811289 -0.00952377 0.020993 0.32284 -0.0871538 -0.0415837 -0.000977753 0.995326
1305031106.843416 -0.00852232 0.0121813 0.309974 -0.089576 -0.0461212 -0.00093169 0.994911
1305031106.875905 -0.00640956 0.0086493 0.295773 -0.0834099 -0.0490571 -0.00483013 0.995295
1305031106.911243 -0.00521665 0.00762562 0.276649 -0.0793519 -0.0485693 -0.00951618 0.995617
1305031106.943439 -0.00424012 0.000930634 0.263489 -0.0785534 -0.0479576 -0.0133093 0.995667
1305031106.975547 -0.00183256 -0.00383949 0.250705 -0.0727029 -0.0470629 -0.015358 0.996124
1305031107.011576 -0.00278464 -0.0045879 0.227263 -0.0656765 -0.0432387 -0.0198775 0.996706
1305031107.043281 -0.00225737 -0.00958807 0.213293 -0.0664939 -0.0407473 -0.0217519 0.996717
1305031107.075432 -0.00536213 -0.0160059 0.196129 -0.0621814 -0.0384753 -0.0225006 0.997069
1305031107.111229 -0.00435967 -0.0165478 0.179685 -0.0567904 -0.0393771 -0.0233452 0.997336
1305031107.143260 -0.00135674 -0.0165975 0.166152 -0.0546165 -0.039227 -0.0233846 0.997463
1305031107.175399 -0.000200486 -0.0225842 0.154566 -0.0531886 -0.0376708 -0.0239382 0.997587
1305031107.211358 0.00257755 -0.0288518 0.142136 -0.0478139 -0.0360321 -0.0252317 0.997887
1305031107.243378 0.00304271 -0.0276169 0.127115 -0.0403627 -0.0323412 -0.0258464 0.998327
1305031107.275398 0.00594586 -0.030681 0.117247 -0.0348725 -0.0295995 -0.0255285 0.998627
1305031107.311226 0.00831557 -0.0353187 0.106617 -0.0282549 -0.0263599 -0.0256746 0.998923
1305031107.343509 0.0123922 -0.0364323 0.0984743 -0.0164367 -0.0237668 -0.0253453 0.999261
1305031107.375413 0.014317 -0.0332995 0.087026 -0.0061922 -0.0187359 -0.0256423 0.999476
1305031107.411271 0.0171734 -0.0330049 0.0801771 0.000685977 -0.0144039 -0.0258707 0.999561
1305031107.443419 0.021097 -0.0298516 0.0754552 0.00713467 -0.0105079 -0.0257574 0.999588
1305031107.475377 0.0249638 -0.0311395 0.071224 0.00978718 -0.00641187 -0.024497 0.999631
1305031107.511352 0.0255042 -0.0278332 0.0673018 0.011893 -0.00241908 -0.0245816 0.999624
1305031107.543605 0.0282201 -0.0281219 0.0676057 0.00921685 0.000217784 -0.022704 0.9997
1305031107.575454 0.0323259 -0.0327158 0.0684943 0.00787104 0.00168368 -0.0190866 0.999785
1305031107.611271 0.0335998 -0.0258025 0.0686443 0.00992775 0.00323263 -0.0179304 0.999785
1305031107.643323 0.0350946 -0.0271739 0.0699712 0.00566877 0.00453466 -0.0169321 0.99983
1305031107.675568 0.0341232 -0.0270137 0.0711019 0.00438048 0.00537017 -0.016297 0.999843
1305031107.711307 0.0338093 -0.0235666 0.0722377 0.00349446 0.00530424 -0.0156508 0.999857
1305031107.743538 0.0290836 -0.0181715 0.0727204 0.00130659 0.00528457 -0.0151434 0.999871
1305031107.775802 0.0299692 -0.018793 0.0753759 -0.0018849 0.00209821 -0.0161402 0.999866
1305031107.811596 0.0321749 -0.0162462 0.0783115 -0.00370209 -0.000436471 -0.0161008 0.999863
1305031107.843332 0.0332585 -0.0150655 0.0803859 -0.00636729 -0.000936909 -0.0161776 0.999848
1305031107.875358 0.038601 -0.0173669 0.0857466 -0.00751769 -0.00102131 -0.0195517 0.99978
1305031107.911541 0.0418544 -0.0168822 0.0889986 -0.00654975 0.00187656 -0.0218004 0.999739
1305031107.943122 0.046379 -0.0182024 0.0934951 -0.00481252 0.00517847 -0.0226473 0.999719
1305031107.975807 0.0533046 -0.0189466 0.096542 -0.00234518 0.00931017 -0.0223061 0.999705
1305031108.011320 0.0604801 -0.0176944 0.100463 0.00203321 0.0141337 -0.0246915 0.999593
1305031108.043418 0.0715047 -0.0177593 0.103491 0.00423074 0.0208067 -0.0234025 0.999501
1305031108.075352 0.0809659 -0.0200822 0.105731 0.00451784 0.0305641 -0.0175345 0.999369
1305031108.111378 0.0849809 -0.0197755 0.110405 0.00738724 0.0383522 -0.0172485 0.999088
1305031108.143334 0.0934722 -0.0183421 0.116674 0.00976033 0.0429384 -0.0169357 0.998886
1305031108.176058 0.102618 -0.0163212 0.118117 0.00782346 0.0472228 -0.0148018 0.998744
1305031108.211475 0.110241 -0.0184926 0.124264 0.00210699 0.04995 -0.0148441 0.998639
1305031108.243347 0.121422 -0.0250044 0.13393 -0.000580924 0.0539823 -0.0171736 0.998394
1305031108.275358 0.128841 -0.0205618 0.137556 0.00072532 0.0600045 -0.0175489 0.998044
1305031108.311332 0.13076 -0.0163869 0.143051 -0.00262185 0.0641762 -0.0165515 0.997798
1305031108.343278 0.136818 -0.0148944 0.148117 -0.00842786 0.0646585 -0.0142477 0.99777
1305031108.375410 0.142613 -0.0143009 0.152268 -0.0139269 0.0637569 -0.00916901 0.997826
1305031108.411361 0.153316 -0.0168318 0.154844 -0.0201316 0.0608473 -0.0022517 0.997942
1305031108.443610 0.164529 -0.0131294 0.16103 -0.0235128 0.0601253 0.00444737 0.997904
1305031108.475471 0.176083 -0.0159643 0.166592 -0.0274366 0.0602098 0.0126472 0.997728
1305031108.511378 0.196176 -0.021503 0.170555 -0.0284955 0.0618286 0.0171431 0.997533
1305031108.543737 0.20552 -0.0208563 0.173064 -0.023761 0.070239 0.0164096 0.997112
1305031108.575414 0.206671 -0.0137456 0.174086 -0.0180532 0.0793243 0.0140659 0.996586
1305031108.611407 0.222727 -0.013177 0.17985 -0.0183063 0.0845832 0.0142557 0.996146
1305031108.643303 0.229968 -0.0132753 0.181118 -0.0186022 0.0918894 0.0150556 0.995482
1305031108.675375 0.243643 -0.0114143 0.184076 -0.0212072 0.0968019 0.0179226 0.994916
1305031108.711411 0.251104 -0.0126231 0.188545 -0.0256321 0.105786 0.022618 0.993801
1305031108.743502 0.257645 -0.0142147 0.191879 -0.0273507 0.111786 0.0243416 0.993058
1305031108.775493 0.265739 -0.0132015 0.191115 -0.0282785 0.115666 0.0260464 0.992544
1305031108.811244 0.270242 -0.0140542 0.192028 -0.0299638 0.119453 0.0313888 0.991891
1305031108.843264 0.271419 -0.0154347 0.191095 -0.0291075 0.120379 0.0376079 0.991588
1305031108.876515 0.273217 -0.0148612 0.189633 -0.0264996 0.117505 0.0440965 0.991739
1305031108.911364 0.2752 -0.0180074 0.189266 -0.0239997 0.113719 0.0497544 0.991976
1305031108.943243 0.270237 -0.0207445 0.186542 -0.0192471 0.111124 0.050967 0.992312
1305031108.975268 0.266217 -0.0158998 0.182143 -0.0140734 0.10525 0.048724 0.993152
1305031109.011269 0.266895 -0.0156433 0.177917 -0.0146804 0.100024 0.047532 0.993741
1305031109.043277 0.258747 -0.0182585 0.176704 -0.0144878 0.0997967 0.0451432 0.993878
1305031109.075410 0.249632 -0.0125865 0.17249 -0.0145789 0.0972184 0.0400046 0.994352
1305031109.111282 0.244038 -0.0142193 0.173616 -0.0190997 0.0951499 0.0373982 0.994577
1305031109.143334 0.23003 -0.017564 0.171555 -0.0205566 0.0932067 0.0356142 0.994797
1305031109.175464 0.219934 -0.0137299 0.170709 -0.0196615 0.086214 0.0321878 0.995562
1305031109.211379 0.217995 -0.00437221 0.167726 -0.0219714 0.0781493 0.0347577 0.996093
1305031109.243290 0.209412 -0.00745112 0.16751 -0.0317247 0.0741622 0.0400561 0.995936
1305031109.275308 0.205137 -0.0191864 0.164041 -0.0367585 0.0661184 0.04352 0.996184
1305031109.311329 0.193585 -0.0160808 0.16179 -0.0335216 0.0558369 0.0438255 0.996914
1305031109.343248 0.185823 -0.0110593 0.157077 -0.0350613 0.0436773 0.0428698 0.997509
1305031109.375397 0.178007 -0.0173407 0.156734 -0.0399283 0.0333013 0.0419795 0.997765
1305031109.411329 0.170634 -0.0149823 0.155779 -0.0397068 0.0235369 0.0381147 0.998207
1305031109.443302 0.162524 -0.0144213 0.1559 -0.0434274 0.016247 0.0315317 0.998427
1305031109.475363 0.153918 -0.0183033 0.156197 -0.0473878 0.0122072 0.0278332 0.998414
1305031109.511273 0.142134 -0.0190097 0.157809 -0.0470082 0.00887444 0.0244564 0.998556
1305031109.543294 0.13324 -0.0204066 0.154582 -0.0445548 0.00550328 0.0202632 0.998786
1305031109.575362 0.122774 -0.0203931 0.151648 -0.044462 0.00405264 0.020081 0.998801
1305031109.611310 0.11193 -0.0200708 0.14935 -0.0447454 0.00132079 0.0180913 0.998834
1305031109.643229 0.10297 -0.0198391 0.149546 -0.0457101 -0.00121934 0.017193 0.998806
1305031109.675263 0.0911563 -0.0194421 0.146434 -0.0486646 -0.0022852 0.0206038 0.9986
1305031109.711312 0.0799415 -0.0162765 0.146438 -0.0507813 -0.00660262 0.0203492 0.998481
1305031109.743274 0.0689588 -0.0163458 0.147648 -0.0556527 -0.0104749 0.0194603 0.998206
1305031109.775277 0.0618191 -0.0173859 0.151024 -0.0592962 -0.0143492 0.0204679 0.997927
1305031109.811371 0.0518728 -0.0167217 0.150421 -0.0618691 -0.0166104 0.020758 0.99773
1305031109.843296 0.0390997 -0.018379 0.149558 -0.0660101 -0.0192766 0.0198446 0.997435
1305031109.875306 0.0278002 -0.0206695 0.149886 -0.0713084 -0.0237556 0.0201041 0.996969
1305031109.911265 0.0153442 -0.0220798 0.155625 -0.0727365 -0.030401 0.0156516 0.996765
1305031109.943299 0.00651913 -0.0149457 0.156003 -0.0727674 -0.0352099 0.0122179 0.996652
1305031109.975258 -0.00586853 -0.0194518 0.160053 -0.0790038 -0.0380389 0.00786132 0.996117
1305031110.011256 -0.0185295 -0.0178186 0.162476 -0.0808607 -0.0410185 0.00127668 0.99588
1305031110.043299 -0.0289194 -0.018601 0.16512 -0.0837217 -0.0431818 -0.00545512 0.995538
1305031110.075319 -0.043059 -0.0170757 0.165999 -0.0856181 -0.0432633 -0.010843 0.995329
1305031110.111325 -0.0570507 -0.0170449 0.168853 -0.0903579 -0.0448259 -0.0151411 0.994785
1305031110.143432 -0.0685555 -0.0241893 0.170563 -0.0937828 -0.0490289 -0.0184648 0.994213
1305031110.175641 -0.0787047 -0.016093 0.171358 -0.0930421 -0.0531106 -0.0195472 0.994052
1305031110.211637 -0.0903687 -0.0191335 0.174057 -0.0978429 -0.056385 -0.0209498 0.993382
1305031110.243323 -0.101131 -0.0233137 0.174321 -0.0995459 -0.0607957 -0.0204072 0.992964
1305031110.279321 -0.1082 -0.023723 0.176544 -0.0979898 -0.0658117 -0.0205367 0.992797
1305031110.311404 -0.121216 -0.0230738 0.174635 -0.0950491 -0.0684162 -0.0223796 0.992867
1305031110.343355 -0.132712 -0.0191018 0.174601 -0.0928843 -0.0729799 -0.0229888 0.992733
1305031110.379281 -0.14453 -0.0178748 0.176029 -0.0915592 -0.07879 -0.0260505 0.992336
1305031110.411469 -0.158222 -0.0107674 0.172026 -0.0893084 -0.0844351 -0.0281297 0.99202
1305031110.443260 -0.168686 -0.00834206 0.172754 -0.0931599 -0.0907591 -0.0307091 0.99103
1305031110.479331 -0.181696 -0.011648 0.175877 -0.09677 -0.097713 -0.0364913 0.989826
1305031110.511429 -0.193023 -0.0107592 0.175905 -0.0969185 -0.105424 -0.0398148 0.988892
1305031110.543408 -0.202925 -0.00210374 0.17673 -0.095919 -0.112465 -0.0423907 0.988106
1305031110.579426 -0.209509 0.00337143 0.178344 -0.098957 -0.120047 -0.0464035 0.986733
1305031110.611307 -0.213933 -0.00482421 0.183952 -0.105757 -0.126133 -0.0499908 0.985092
1305031110.643418 -0.221734 -0.0066733 0.18438 -0.104597 -0.128842 -0.0525536 0.984732
1305031110.679606 -0.227808 0.00282713 0.181642 -0.101633 -0.131781 -0.054467 0.984549
1305031110.711412 -0.234444 0.000478157 0.184044 -0.105948 -0.133777 -0.0557834 0.983751
1305031110.743249 -0.239132 -0.000156516 0.184684 -0.106331 -0.13589 -0.0572192 0.983338
1305031110.779193 -0.241087 0.00257025 0.184584 -0.105477 -0.138333 -0.0577316 0.983059
1305031110.811386 -0.244929 0.00200936 0.183851 -0.106369 -0.138369 -0.0590986 0.982877
1305031110.843218 -0.250516 0.000969689 0.183619 -0.10825 -0.139323 -0.0615687 0.982385
1305031110.879313 -0.246896 0.00131144 0.184978 -0.108073 -0.142886 -0.061221 0.981914
1305031110.911333 -0.246764 0.00265213 0.185051 -0.108361 -0.143876 -0.0614532 0.981723
1305031110.943862 -0.241226 0.00226105 0.186012 -0.108421 -0.147236 -0.0620137 0.981183
1305031110.979345 -0.230935 0.00549198 0.187383 -0.107657 -0.148232 -0.0620706 0.981114
1305031111.011431 -0.221492 0.00359129 0.190114 -0.110086 -0.144714 -0.0616638 0.981395
1305031111.043327 -0.219145 0.00385893 0.189355 -0.109292 -0.137221 -0.059729 0.982679
1305031111.079283 -0.215471 0.00627365 0.188268 -0.110864 -0.132934 -0.0581975 0.983184
1305031111.111508 -0.205435 0.00103752 0.190962 -0.114185 -0.131318 -0.0546373 0.983225
1305031111.143257 -0.197279 -0.00161677 0.191068 -0.113121 -0.128315 -0.0541204 0.983773
1305031111.179326 -0.181251 -0.00238879 0.192882 -0.110931 -0.126409 -0.0538002 0.984287
1305031111.211433 -0.174041 -0.00272815 0.190794 -0.109632 -0.116245 -0.051229 0.985821
1305031111.243236 -0.170076 -0.00644986 0.188739 -0.109996 -0.111451 -0.0515104 0.986319
1305031111.279308 -0.155971 -0.00808293 0.19311 -0.105964 -0.110385 -0.0493978 0.986989
1305031111.311547 -0.155547 -0.000864729 0.186552 -0.100096 -0.100808 -0.0472742 0.988728
1305031111.343397 -0.151159 -0.000419007 0.186584 -0.103734 -0.101795 -0.0473059 0.988251
1305031111.379134 -0.132771 -0.0100623 0.193591 -0.10607 -0.106208 -0.0429529 0.987737
1305031111.411296 -0.130432 -0.00593314 0.188159 -0.0998335 -0.103416 -0.0426515 0.988696
1305031111.443386 -0.11207 -0.00380671 0.192622 -0.0991191 -0.110935 -0.0479588 0.987709
1305031111.479259 -0.090614 -0.00423105 0.202386 -0.0953689 -0.106827 -0.0480304 0.988527
1305031111.511264 -0.0844228 -0.00656033 0.195836 -0.0918766 -0.093082 -0.0478988 0.990253
1305031111.543250 -0.0756152 -0.00673062 0.197396 -0.0874299 -0.0845549 -0.0478753 0.99142
1305031111.579237 -0.0678815 -0.00228772 0.192265 -0.0821509 -0.0717005 -0.0429199 0.99311
1305031111.611271 -0.0623711 -0.00617353 0.18733 -0.0845295 -0.064834 -0.0349574 0.993695
1305031111.643395 -0.0460735 -0.0110934 0.193754 -0.082226 -0.0659963 -0.0274268 0.994048
1305031111.679320 -0.0323872 -0.00618758 0.189961 -0.0757754 -0.0574692 -0.0209807 0.995246
1305031111.711760 -0.0217159 -0.0073446 0.188941 -0.0757824 -0.047894 -0.0197369 0.995778
1305031111.743386 -0.00273887 -2.19153e-05 0.205333 -0.0684956 -0.0384709 -0.0163557 0.996775
1305031111.779423 0.0118388 -0.00155684 0.199243 -0.0661742 -0.020301 -0.0121263 0.997528
1305031111.811406 0.0132172 -0.003983 0.19806 -0.0641121 -0.00214331 -0.012428 0.997863
1305031111.843299 0.0209107 -0.00129888 0.195573 -0.0595981 0.00966783 -0.0104596 0.998121
1305031111.879442 0.0271471 -0.000401251 0.191738 -0.0599433 0.0186208 -0.00595927 0.99801
1305031111.911354 0.031533 -0.00342164 0.19253 -0.0596615 0.0212141 0.000580317 0.997993
1305031111.943300 0.0400425 -0.00165644 0.191052 -0.056542 0.0196459 0.00797765 0.998175
1305031111.979449 0.0610876 -0.00275987 0.190847 -0.056082 0.0189569 0.01534 0.998128
1305031112.011433 0.0662652 -0.00390971 0.191815 -0.0538117 0.0299088 0.0130918 0.998017
1305031112.043270 0.0740187 0.000159496 0.193318 -0.048129 0.0404297 0.0100967 0.997971
1305031112.079339 0.0856559 0.00357572 0.19543 -0.0449491 0.0531331 0.0113824 0.99751
1305031112.111423 0.0748943 0.00628685 0.199669 -0.0414886 0.070011 0.00869191 0.996645
1305031112.144342 0.0929908 0.00864303 0.204414 -0.0403942 0.0734568 0.00185907 0.996478
1305031112.179390 0.106035 0.00851113 0.206541 -0.0427585 0.0866948 -0.00130034 0.995316
1305031112.211254 0.110326 0.0020085 0.213763 -0.0449928 0.0998194 -0.00578555 0.993971
1305031112.243369 0.122992 -0.0021942 0.215467 -0.040409 0.109391 -0.0094015 0.993133
1305031112.279353 0.123173 0.00143942 0.217177 -0.0334137 0.120096 -0.0124813 0.992121
1305031112.311312 0.130471 -0.00269916 0.220449 -0.0284493 0.123712 -0.0142915 0.991807
1305031112.343323 0.141545 -0.00180203 0.220449 -0.0211891 0.124268 -0.0131822 0.991935
1305031112.379360 0.149833 -0.00144733 0.22188 -0.0165777 0.123914 -0.00986218 0.992105
1305031112.411442 0.159088 -0.00149388 0.223174 -0.0141902 0.122412 -0.00662285 0.992356
1305031112.443391 0.170557 -0.00487387 0.224115 -0.0127485 0.121814 -0.00133309 0.99247
1305031112.479418 0.177777 -0.00354665 0.222027 -0.00876349 0.1215 0.00761518 0.992524
1305031112.511504 0.185676 -0.00407657 0.221566 -0.00638664 0.11833 0.0151881 0.992838
1305031112.543212 0.197095 -0.00473814 0.220431 -0.00366929 0.114538 0.0190453 0.99323
1305031112.579252 0.206946 -0.00296369 0.219158 -0.000861421 0.111047 0.0245493 0.993511
1305031112.611261 0.219204 -0.00140235 0.217282 -0.000446511 0.10975 0.0289307 0.993538
1305031112.643246 0.229308 -0.00166427 0.217997 -0.00314586 0.115396 0.0360447 0.99266
1305031112.679952 0.231597 -0.00332365 0.219908 -0.00531317 0.122497 0.0404087 0.991632
1305031112.711251 0.234195 -0.00235996 0.218137 -0.00708198 0.126925 0.0419178 0.991001
1305031112.743245 0.234372 0.00446063 0.21711 -0.00994511 0.131159 0.0449912 0.99029
1305031112.779310 0.234285 0.00154759 0.220313 -0.0181577 0.135315 0.0493486 0.989406
1305031112.811310 0.22549 -0.00344408 0.223545 -0.0212168 0.137245 0.0491083 0.989092
1305031112.843286 0.222199 0.000813305 0.222323 -0.0227596 0.131585 0.0471823 0.98992
1305031112.879421 0.222694 0.000415889 0.222592 -0.0266973 0.127567 0.0495747 0.99023
1305031112.911411 0.215812 4.27351e-05 0.225573 -0.0293379 0.125263 0.0524933 0.990299
1305031112.943321 0.209497 -0.00278647 0.229024 -0.0318665 0.120161 0.0520974 0.990874
1305031112.979278 0.205968 -0.00198124 0.228084 -0.0322878 0.113354 0.0497746 0.991782
1305031113.011353 0.200737 -0.000490594 0.2266 -0.0335918 0.109512 0.0492874 0.992194
1305031113.043231 0.192522 -0.00124557 0.225958 -0.0382839 0.107764 0.047335 0.992311
1305031113.079251 0.182926 -0.00678341 0.226426 -0.0398789 0.104788 0.0430544 0.992762
1305031113.111316 0.173759 -0.00528294 0.223493 -0.0371593 0.0987009 0.0369972 0.993735
1305031113.143306 0.168039 -0.00208255 0.221968 -0.0389187 0.0942382 0.0351326 0.994168
1305031113.179343 0.155922 -0.010414 0.220292 -0.0441241 0.0926861 0.0367496 0.994038
1305031113.211259 0.138739 -0.00997826 0.219636 -0.0417115 0.0884692 0.0378174 0.994486
1305031113.243227 0.13378 -0.00565088 0.21915 -0.0426708 0.0776145 0.038487 0.995326
1305031113.279312 0.122108 -0.00979442 0.225668 -0.0455741 0.0709074 0.0406608 0.995611
1305031113.311452 0.10596 -0.0171502 0.225736 -0.0425988 0.0642509 0.0441487 0.996046
1305031113.343252 0.0909728 -0.00951299 0.22323 -0.0350655 0.0536537 0.0432308 0.997007
1305031113.379312 0.0802171 -0.00666403 0.228253 -0.0372211 0.0422776 0.0405544 0.997588
1305031113.411625 0.0712919 -0.0119094 0.233624 -0.0377953 0.0324164 0.0414672 0.997898
1305031113.443266 0.0589358 -0.00877141 0.232104 -0.0351076 0.023502 0.0354617 0.998478
1305031113.479311 0.0436467 -0.00807999 0.233767 -0.0384949 0.0159697 0.0297131 0.998689
1305031113.511523 0.0322831 -0.00988794 0.238631 -0.0428112 0.00797392 0.0280677 0.998657
1305031113.543242 0.0196432 -0.0139554 0.238649 -0.0457908 0.000816878 0.025645 0.998621
1305031113.579301 0.0069091 -0.0111472 0.238472 -0.044846 -0.00536034 0.0207865 0.998763
1305031113.611268 -0.0033154 -0.0137377 0.238923 -0.048774 -0.00986219 0.0164598 0.998626
1305031113.643222 -0.0112676 -0.0158117 0.240799 -0.0525757 -0.0125393 0.0141829 0.998437
1305031113.679288 -0.0254735 -0.0183299 0.240809 -0.0545217 -0.0120229 0.0112663 0.998377
1305031113.711931 -0.0366852 -0.0185663 0.243567 -0.054752 -0.0126981 0.00706443 0.998394
1305031113.743590 -0.0475664 -0.0164771 0.245764 -0.0534693 -0.0113596 0.00206272 0.998503
1305031113.779320 -0.0627372 -0.0205507 0.244498 -0.0537212 -0.00824535 -0.00237293 0.998519
1305031113.811237 -0.0749669 -0.0180487 0.244264 -0.0517475 -0.00771431 -0.00474817 0.998619
1305031113.843295 -0.0879762 -0.0153729 0.246492 -0.0519416 -0.00589262 -0.00768661 0.998603
1305031113.879281 -0.103687 -0.0228723 0.247946 -0.0525996 -0.00495581 -0.0114966 0.998537
1305031113.911290 -0.11362 -0.0174105 0.247172 -0.0477306 -0.00745877 -0.0121392 0.998759
1305031113.943291 -0.124026 -0.0180401 0.250091 -0.0455805 -0.00652631 -0.0136831 0.998846
1305031113.979293 -0.139976 -0.0188574 0.249673 -0.0425943 -0.00378046 -0.018488 0.998914
1305031114.011257 -0.156138 -0.0178231 0.248015 -0.0390754 -0.00233775 -0.0238841 0.998948
1305031114.043301 -0.176784 -0.0214348 0.246029 -0.0389002 -0.00309862 -0.0255051 0.998913
1305031114.079285 -0.191325 -0.021203 0.248025 -0.0363375 -0.00864398 -0.0255906 0.998974
1305031114.111263 -0.203263 -0.0150988 0.251562 -0.032002 -0.0149923 -0.0287031 0.998963
1305031114.143284 -0.214329 -0.0144708 0.253691 -0.0319255 -0.020999 -0.0312429 0.998781
1305031114.179337 -0.221718 -0.0170104 0.257708 -0.0299451 -0.0252811 -0.0325529 0.998701
1305031114.211303 -0.235504 -0.00567369 0.256467 -0.0247007 -0.0252172 -0.0353243 0.998752
1305031114.243337 -0.254067 -0.00860408 0.258346 -0.0280264 -0.0263326 -0.0392759 0.998488
1305031114.279390 -0.27167 -0.00885944 0.259281 -0.0278417 -0.0311083 -0.0412308 0.998277
1305031114.311429 -0.28052 -0.00438918 0.262722 -0.0275596 -0.0406856 -0.0406687 0.997964
1305031114.343331 -0.284434 -0.00524084 0.266999 -0.0288284 -0.0490912 -0.0426144 0.997468
1305031114.379320 -0.292155 -0.0078996 0.26725 -0.0294411 -0.0520697 -0.0463818 0.997131
1305031114.411397 -0.307814 -0.00681461 0.268513 -0.0279223 -0.0522863 -0.0510587 0.996935
1305031114.443345 -0.321847 -0.00402249 0.270347 -0.0271958 -0.055672 -0.0523857 0.996703
1305031114.479332 -0.335358 -0.00717752 0.27218 -0.0283829 -0.0619402 -0.0530957 0.996262
1305031114.511266 -0.337476 -0.00174711 0.274925 -0.0269898 -0.0724619 -0.0545495 0.995513
1305031114.543236 -0.338143 -0.00419324 0.276352 -0.0307441 -0.0786725 -0.0532011 0.995005
1305031114.579237 -0.34286 -0.00589311 0.278072 -0.0323499 -0.0797359 -0.0495556 0.995058
1305031114.611391 -0.348795 -0.0030862 0.27888 -0.0338351 -0.0803231 -0.0470073 0.995085
1305031114.644136 -0.358875 -0.00472911 0.2816 -0.0391018 -0.0813883 -0.0465091 0.994829
1305031114.679251 -0.363239 -0.00815021 0.283826 -0.0426842 -0.0879167 -0.0476918 0.99407
1305031114.711306 -0.361284 -0.0107687 0.284527 -0.0438043 -0.0942666 -0.0464566 0.993497
1305031114.743200 -0.361854 -0.0126168 0.283572 -0.0431866 -0.0979425 -0.0496772 0.993013
1305031114.779289 -0.359229 -0.0112978 0.282464 -0.0404872 -0.100519 -0.0528552 0.992705
1305031114.811303 -0.357814 -0.00875361 0.280893 -0.0397904 -0.100628 -0.0533573 0.992695
1305031114.843208 -0.355715 -0.00899258 0.28047 -0.0398826 -0.10171 -0.0556269 0.992457
1305031114.879281 -0.350747 -0.00445197 0.281035 -0.0390098 -0.102561 -0.0551426 0.992431
1305031114.912879 -0.348218 -0.00228756 0.281459 -0.0397103 -0.102534 -0.0551543 0.992405
1305031114.943234 -0.338599 0.00125952 0.281585 -0.0414226 -0.103867 -0.0565424 0.992118
1305031114.979280 -0.332892 0.00335918 0.282104 -0.0433651 -0.101329 -0.0575043 0.992243
1305031115.011300 -0.325346 0.00772347 0.282902 -0.0467852 -0.100367 -0.0583799 0.992134
1305031115.043508 -0.315093 0.00281309 0.285553 -0.0524572 -0.098493 -0.0590241 0.992
1305031115.079238 -0.307922 0.00665066 0.28523 -0.0531308 -0.094305 -0.0599507 0.992315
1305031115.111230 -0.294517 0.00612975 0.289011 -0.0570213 -0.0904169 -0.0588682 0.992526
1305031115.143275 -0.288164 0.00446596 0.291196 -0.0592925 -0.0791163 -0.0572596 0.993452
1305031115.179440 -0.285084 0.00692989 0.291322 -0.060289 -0.0725366 -0.0571169 0.993902
1305031115.211374 -0.270473 0.000768205 0.296724 -0.0626647 -0.0706628 -0.0539865 0.994065
1305031115.243297 -0.259527 -0.00086377 0.299055 -0.0583244 -0.0638546 -0.0510037 0.994947
1305031115.279966 -0.250894 0.00479361 0.296721 -0.0559324 -0.0587784 -0.0485479 0.99552
1305031115.311704 -0.234145 6.06626e-05 0.304847 -0.0572454 -0.0538799 -0.0424014 0.996003
1305031115.343235 -0.225015 0.00351793 0.304059 -0.0521385 -0.041592 -0.0404734 0.996952
1305031115.379166 -0.222594 0.00538984 0.300041 -0.0570261 -0.0348698 -0.0353863 0.997136
1305031115.411237 -0.212284 0.00212305 0.303768 -0.0640728 -0.0395037 -0.0332992 0.996607
1305031115.443159 -0.190329 0.00253326 0.306805 -0.0672583 -0.0428015 -0.0276081 0.996435
1305031115.479241 -0.1783 0.0026751 0.30615 -0.0714731 -0.0405293 -0.0225259 0.996364
1305031115.511253 -0.162239 0.00179424 0.303463 -0.0737677 -0.0363568 -0.0195636 0.99642
1305031115.543604 -0.141576 0.0010938 0.305667 -0.0733095 -0.0236303 -0.0138885 0.996933
1305031115.579315 -0.134163 0.00141747 0.300047 -0.0720171 -0.00794495 -0.00882936 0.997333
1305031115.611424 -0.120387 0.000818234 0.298896 -0.0708636 -0.000544887 -0.00371252 0.997479
1305031115.643254 -0.104885 5.33441e-05 0.298375 -0.0689737 0.00686323 0.0034354 0.997589
1305031115.679241 -0.0958887 -0.00303673 0.291698 -0.0679683 0.0126186 0.0140252 0.997509
1305031115.711320 -0.0817484 0.000759567 0.29221 -0.0655687 0.0136491 0.020929 0.997535
1305031115.743250 -0.0691446 0.00078858 0.294602 -0.0647144 0.0228971 0.0260166 0.997302
1305031115.779425 -0.0588421 0.00219483 0.292658 -0.061248 0.0348719 0.0310911 0.997029
1305031115.811277 -0.0509198 0.00396454 0.290179 -0.0596808 0.047498 0.0369324 0.996403
1305031115.843224 -0.0415738 0.00253625 0.287213 -0.0616327 0.0608034 0.0426231 0.995333
1305031115.879198 -0.0405602 0.000115559 0.288223 -0.0603666 0.0727879 0.0495152 0.994287
1305031115.911118 -0.0311509 0.00906844 0.291005 -0.0542142 0.0782856 0.054386 0.993969
1305031115.943311 -0.0207995 0.0130381 0.290382 -0.053272 0.0872043 0.0613537 0.992871
1305031115.980740 -0.0112541 0.0146249 0.289931 -0.0539556 0.0951001 0.0668883 0.991751
1305031116.011379 0.000623854 0.0194017 0.290837 -0.0545275 0.105537 0.0705197 0.990412
1305031116.043164 0.0109772 0.0247926 0.293894 -0.0554725 0.119698 0.0729008 0.988575
1305031116.080030 0.010222 0.0325005 0.298566 -0.0569425 0.135555 0.0762381 0.98619
1305031116.111300 0.0108802 0.0334692 0.301963 -0.0627016 0.150733 0.0804553 0.983298
1305031116.143441 0.00688369 0.0315482 0.306076 -0.0671847 0.166225 0.0847975 0.980135
1305031116.179572 0.0120476 0.0345442 0.308013 -0.0679406 0.174034 0.0878978 0.978453
1305031116.211299 0.0195999 0.0329049 0.30929 -0.0727178 0.18121 0.0920696 0.976421
1305031116.243320 0.0319569 0.0269004 0.310187 -0.0773548 0.18709 0.096334 0.974543
1305031116.279385 0.0419311 0.0250249 0.309271 -0.0784307 0.196171 0.0987222 0.97243
1305031116.311336 0.0460355 0.0258553 0.308247 -0.0806295 0.206736 0.102798 0.969635
1305031116.343292 0.0488447 0.016594 0.307783 -0.084911 0.214691 0.107539 0.967023
1305031116.379384 0.0515459 0.0125851 0.307046 -0.0809785 0.218892 0.107769 0.966393
1305031116.411333 0.0446174 0.0191423 0.30562 -0.0742989 0.224705 0.108868 0.965471
1305031116.443369 0.0441615 0.0225792 0.303159 -0.0740876 0.226984 0.118229 0.963852
1305031116.479850 0.046921 0.0141 0.303474 -0.0774027 0.227359 0.122585 0.962959
1305031116.511205 0.0409802 0.0143036 0.301255 -0.0754193 0.227598 0.11829 0.963597
1305031116.543262 0.0336327 0.0146989 0.300094 -0.0733011 0.228245 0.113451 0.964189
1305031116.579313 0.0276044 0.013358 0.296717 -0.0746155 0.225207 0.111029 0.965084
1305031116.611261 0.0158336 0.00775101 0.301162 -0.0770029 0.221315 0.105546 0.966411
1305031116.643355 0.00648097 0.00649933 0.298816 -0.0769595 0.211623 0.0970601 0.96947
1305031116.679281 -0.00334042 0.00675032 0.298027 -0.0776215 0.202761 0.0885931 0.972118
1305031116.711634 -0.0141671 0.00661776 0.295926 -0.0780619 0.196578 0.0787523 0.974198
1305031116.743291 -0.0244949 0.00793339 0.294572 -0.0803599 0.189272 0.0678119 0.976279
1305031116.779298 -0.0320755 0.00788407 0.29326 -0.0839224 0.18123 0.0576702 0.978155
1305031116.811318 -0.0422619 0.00627306 0.294272 -0.0852436 0.174713 0.0493878 0.979678
1305031116.846089 -0.0570353 0.00379116 0.2963 -0.0856641 0.164795 0.041857 0.981709
1305031116.880165 -0.0672926 0.00349945 0.296074 -0.0879437 0.151269 0.0357697 0.983923
1305031116.912044 -0.0838353 0.000181703 0.294499 -0.089713 0.139947 0.0322275 0.98556
1305031116.943296 -0.0932986 -0.000349219 0.291147 -0.091855 0.122725 0.0251309 0.987861
1305031116.979351 -0.106818 -0.00316983 0.292469 -0.0936422 0.108539 0.0146594 0.989563
1305031117.011382 -0.118703 -0.00332847 0.290202 -0.0932673 0.0944518 0.00559135 0.991135
1305031117.043261 -0.13313 -0.000360432 0.289051 -0.0936168 0.0833504 -0.000856454 0.992113
1305031117.079520 -0.144447 0.00173194 0.288946 -0.0959222 0.0721304 -0.00554214 0.992756
1305031117.111238 -0.150136 -0.0010546 0.287601 -0.0999495 0.0575814 -0.00385497 0.993317
1305031117.143218 -0.154523 0.00153271 0.285158 -0.102315 0.0442205 -0.00336746 0.993763
1305031117.179264 -0.161312 0.00266726 0.287646 -0.105753 0.0338587 -0.00757885 0.993787
1305031117.211361 -0.162984 0.00333686 0.291631 -0.108178 0.0249044 -0.0101036 0.993768
1305031117.243277 -0.163295 0.00965853 0.29563 -0.109982 0.0208118 -0.0114739 0.993649
1305031117.279299 -0.163181 0.00898347 0.300518 -0.115255 0.0200998 -0.0153035 0.993015
1305031117.311200 -0.166581 0.00582302 0.302581 -0.119699 0.0220291 -0.016336 0.992431
1305031117.343243 -0.167782 0.00200455 0.304976 -0.122106 0.02132 -0.0168387 0.992145
1305031117.379454 -0.169455 -0.00314784 0.304334 -0.122164 0.0215326 -0.017734 0.992118
1305031117.411221 -0.172257 -0.00869556 0.304738 -0.121409 0.0206977 -0.0163562 0.992252
1305031117.443274 -0.170928 -0.00942588 0.305026 -0.117279 0.0183605 -0.0154623 0.992809
1305031117.479403 -0.172478 -0.0157871 0.304142 -0.115934 0.0179833 -0.0138677 0.992997
1305031117.511325 -0.17245 -0.0225696 0.305244 -0.112865 0.0162968 -0.012079 0.993403
1305031117.544285 -0.172998 -0.0265718 0.304273 -0.107463 0.0155592 -0.0116306 0.994019
1305031117.579155 -0.174742 -0.0321619 0.304946 -0.10458 0.0143102 -0.0134355 0.994323
1305031117.611159 -0.175549 -0.0366915 0.307227 -0.102752 0.0127703 -0.0128479 0.994542
1305031117.643252 -0.176415 -0.0447057 0.310617 -0.101243 0.0108738 -0.0116321 0.994734
1305031117.679262 -0.177133 -0.0488175 0.313044 -0.1001 0.00839043 -0.0108446 0.994883
1305031117.711184 -0.174973 -0.057535 0.318782 -0.100865 0.00492481 -0.00859253 0.994851
1305031117.743184 -0.175278 -0.0672752 0.32279 -0.101004 0.00296891 -0.00521833 0.994868
1305031117.779467 -0.175057 -0.0725452 0.326657 -0.0996768 0.000469988 -0.00343224 0.995014
1305031117.811320 -0.172915 -0.0832862 0.333995 -0.101114 -0.00227848 -0.00116932 0.994872
1305031117.843291 -0.168861 -0.0904404 0.340568 -0.0981085 -0.00342234 -0.000585495 0.99517
1305031117.879451 -0.16916 -0.0952723 0.345017 -0.0954269 -0.00012604 -0.000808724 0.995436
1305031117.911407 -0.170991 -0.1049 0.351073 -0.0948276 0.00232486 -0.00101221 0.99549
1305031117.943253 -0.169939 -0.11104 0.355116 -0.0928421 0.00397936 -0.00105489 0.995672
1305031117.979228 -0.172977 -0.119193 0.358064 -0.0944463 0.00683359 -0.00183239 0.995505
1305031118.011228 -0.171816 -0.131542 0.366769 -0.0969788 0.00664794 -0.00160933 0.995263
1305031118.043521 -0.172233 -0.141542 0.371946 -0.0962218 0.00814428 -0.00173523 0.995325
1305031118.079334 -0.169972 -0.148379 0.378403 -0.0956277 0.00865956 -0.00312543 0.995375
1305031118.111217 -0.166597 -0.158615 0.385415 -0.0952995 0.0118409 -0.00456257 0.995368
1305031118.143256 -0.170069 -0.167515 0.389162 -0.0938649 0.0176451 -0.00640035 0.995408
1305031118.179323 -0.16947 -0.179028 0.395353 -0.0940438 0.0202921 -0.00837977 0.995326
1305031118.211202 -0.173834 -0.193225 0.398799 -0.09225 0.0243093 -0.00797214 0.995407
1305031118.243173 -0.174728 -0.201376 0.402187 -0.0889641 0.0236001 -0.00799077 0.995723
1305031118.279194 -0.171428 -0.215318 0.40746 -0.0869149 0.0222695 -0.00825176 0.995933
1305031118.311299 -0.17335 -0.224946 0.409482 -0.080832 0.0227921 -0.0095964 0.996421
1305031118.343324 -0.170094 -0.227706 0.413084 -0.0749426 0.0227399 -0.0110267 0.996868
1305031118.379208 -0.174513 -0.237408 0.414491 -0.0717244 0.0258625 -0.0131693 0.997002
1305031118.411296 -0.176169 -0.23923 0.416598 -0.0680906 0.0243612 -0.0132875 0.997293
1305031118.445692 -0.172035 -0.242416 0.420453 -0.0678153 0.022964 -0.0102465 0.997381
1305031118.479285 -0.173207 -0.248052 0.422147 -0.0682254 0.0231219 -0.00816336 0.997369
1305031118.511255 -0.169682 -0.243982 0.423056 -0.0649871 0.0219577 -0.00668941 0.997622
1305031118.544414 -0.168979 -0.238161 0.422763 -0.065169 0.0225211 -0.00762431 0.997591
1305031118.579285 -0.165401 -0.234075 0.425531 -0.0666532 0.0224277 -0.0071149 0.997499
1305031118.616142 -0.163791 -0.228382 0.42406 -0.0666431 0.0240731 -0.00889696 0.997447
1305031118.645325 -0.167081 -0.216961 0.420673 -0.0657933 0.0273162 -0.0119644 0.997388
1305031118.679295 -0.168754 -0.210699 0.418522 -0.0692139 0.0290383 -0.0132355 0.997091
1305031118.711421 -0.171267 -0.208968 0.415807 -0.0715274 0.0293151 -0.0168229 0.996866
1305031118.746770 -0.177691 -0.19635 0.410306 -0.0679097 0.0288559 -0.0168768 0.997131
1305031118.779277 -0.174465 -0.178459 0.402421 -0.0682194 0.0238698 -0.0155952 0.997263
1305031118.811221 -0.168176 -0.178717 0.403624 -0.0751998 0.0194001 -0.0161871 0.996848
1305031118.846753 -0.16406 -0.169406 0.398694 -0.0711919 0.0180137 -0.0151816 0.997184
1305031118.879208 -0.167233 -0.145026 0.388327 -0.0662464 0.0215358 -0.017231 0.997422
1305031118.911177 -0.16916 -0.141831 0.382916 -0.0711206 0.0230988 -0.0197973 0.997004
1305031118.946974 -0.170238 -0.130049 0.373651 -0.0700496 0.0246009 -0.0212248 0.997014
1305031118.979374 -0.174185 -0.113537 0.364618 -0.0697059 0.0265756 -0.0253778 0.996891
1305031119.011363 -0.177322 -0.104315 0.356549 -0.0741098 0.0269174 -0.0278275 0.996498
1305031119.047172 -0.179411 -0.0980311 0.349592 -0.0774164 0.0266031 -0.0284765 0.996237
1305031119.079223 -0.183504 -0.087339 0.341785 -0.0775702 0.0253405 -0.0287097 0.996251
1305031119.111328 -0.184727 -0.0779118 0.334608 -0.0779622 0.0217486 -0.0282259 0.996319
1305031119.147616 -0.187787 -0.0658212 0.326007 -0.0775466 0.0190358 -0.0266632 0.99645
1305031119.179226 -0.185607 -0.0616365 0.321575 -0.0794718 0.0135834 -0.0264331 0.996394
1305031119.211364 -0.184538 -0.0487426 0.315489 -0.0756623 0.0111112 -0.0252686 0.996751
1305031119.247399 -0.18611 -0.0386022 0.30894 -0.0749278 0.010291 -0.024232 0.996841
1305031119.279212 -0.184876 -0.0289087 0.304634 -0.0748118 0.0085634 -0.0239299 0.996874
1305031119.311212 -0.186363 -0.0206703 0.298591 -0.0750882 0.00864661 -0.0216199 0.996905
1305031119.347741 -0.188555 -0.0142755 0.292863 -0.0749335 0.00743883 -0.0191293 0.996977
1305031119.379239 -0.187296 -0.000910007 0.287789 -0.0732049 0.00449764 -0.018037 0.997144
1305031119.411484 -0.183961 0.00713525 0.285379 -0.0746484 0.00342821 -0.0170236 0.997059
1305031119.447706 -0.183794 0.0150566 0.281792 -0.075811 0.00578211 -0.0168055 0.996964
1305031119.479267 -0.186542 0.0253601 0.276648 -0.074317 0.00865171 -0.0179331 0.997036
1305031119.511240 -0.18968 0.0346733 0.271207 -0.0761323 0.0105509 -0.0175207 0.996888
1305031119.547382 -0.189465 0.0459849 0.268119 -0.0770295 0.0103089 -0.0160309 0.996847
1305031119.579559 -0.189787 0.0600059 0.26431 -0.0780771 0.0115505 -0.0160426 0.996751
1305031119.615017 -0.189868 0.0640026 0.262427 -0.0841413 0.0131422 -0.0150756 0.996253
1305031119.647903 -0.191135 0.0769993 0.258795 -0.0860496 0.0138004 -0.0142549 0.996093
1305031119.679208 -0.188372 0.0909072 0.258262 -0.0895114 0.0148498 -0.0153753 0.995756
1305031119.715232 -0.188773 0.0959293 0.256792 -0.0972884 0.0193908 -0.0128399 0.994984
1305031119.747193 -0.192805 0.0992907 0.252965 -0.10316 0.022016 -0.0077478 0.994391
1305031119.779169 -0.192819 0.109475 0.252238 -0.105788 0.0200172 -0.00505818 0.994174
1305031119.814537 -0.189703 0.118754 0.251269 -0.107747 0.0178522 -0.000614003 0.994018
1305031119.847429 -0.186907 0.126077 0.249596 -0.111196 0.0176717 0.00432525 0.993632
1305031119.879214 -0.18614 0.128261 0.248929 -0.114095 0.0188565 0.00526137 0.993277
1305031119.911401 -0.189276 0.141829 0.244412 -0.111914 0.0220118 0.00511417 0.993461
1305031119.947392 -0.18835 0.14705 0.242426 -0.117443 0.0230367 0.0059792 0.992794
1305031119.979537 -0.186468 0.150861 0.241949 -0.120838 0.0252097 0.00480249 0.99234
1305031120.015264 -0.191356 0.156696 0.236659 -0.125813 0.0304886 0.00491888 0.991573
1305031120.047290 -0.193607 0.152058 0.237713 -0.136792 0.0316476 0.00828791 0.990059
1305031120.079418 -0.194688 0.15013 0.236434 -0.139619 0.0298404 0.0108211 0.989696
1305031120.115232 -0.193812 0.155535 0.235987 -0.139333 0.0269285 0.0129538 0.989795
1305031120.148157 -0.1904 0.151769 0.240366 -0.142605 0.0246978 0.01422 0.989369
1305031120.179246 -0.189815 0.148471 0.241452 -0.141645 0.0251921 0.0176501 0.989439
1305031120.215249 -0.190521 0.14498 0.241908 -0.136815 0.0255694 0.0182157 0.990099
1305031120.248003 -0.189811 0.139867 0.242119 -0.133342 0.0253428 0.0150929 0.990631
1305031120.279430 -0.188142 0.13468 0.246255 -0.129951 0.0252974 0.0132445 0.991109
1305031120.315196 -0.18805 0.129274 0.24892 -0.126476 0.0257815 0.0105781 0.991578
1305031120.347787 -0.187336 0.121872 0.251751 -0.122805 0.0260691 0.00856087 0.992051
1305031120.379437 -0.186537 0.112122 0.25714 -0.121777 0.0256572 0.00865406 0.992188
1305031120.415445 -0.187278 0.100915 0.262881 -0.115477 0.026006 0.00809551 0.992937
1305031120.447417 -0.187955 0.0956443 0.263254 -0.107019 0.0259828 0.0060878 0.993899
1305031120.479432 -0.184421 0.0842966 0.270251 -0.104804 0.0241328 0.00701433 0.994175
1305031120.514819 -0.184888 0.0751043 0.275359 -0.0975964 0.0228018 0.00872672 0.994927
1305031120.547736 -0.183586 0.0685455 0.279192 -0.0899743 0.0194857 0.0105389 0.995698
1305031120.579551 -0.18377 0.0621204 0.282787 -0.0856924 0.0159799 0.0135987 0.996101
1305031120.615236 -0.182147 0.0528973 0.289617 -0.0823424 0.0116048 0.0162055 0.996405
1305031120.647354 -0.179387 0.0467194 0.295951 -0.0763066 0.00799963 0.0165218 0.996915
1305031120.679318 -0.176278 0.0418698 0.301735 -0.0725232 0.00566068 0.0172834 0.997201
1305031120.714522 -0.175498 0.0347246 0.306674 -0.0697899 0.00513274 0.0179833 0.997386
1305031120.747369 -0.175721 0.0237471 0.30979 -0.0695421 0.00334358 0.0186886 0.997398
1305031120.779894 -0.172343 0.0152643 0.31687 -0.0670101 0.00025299 0.0187298 0.997576
1305031120.814944 -0.172032 0.010431 0.318298 -0.0630391 0.000124045 0.0179386 0.99785
1305031120.847921 -0.171001 0.00227514 0.324809 -0.0636509 -0.00127025 0.0161954 0.99784
1305031120.883435 -0.167493 -0.00695955 0.33111 -0.0613296 -0.00205569 0.0145687 0.998009
1305031120.915444 -0.168888 -0.01269 0.331677 -0.0589526 0.000177284 0.0121498 0.998187
1305031120.947488 -0.169226 -0.022349 0.335974 -0.0595742 0.000594834 0.0106018 0.998167
1305031120.983366 -0.171289 -0.0320601 0.338344 -0.0592447 0.00146897 0.00802476 0.99821
1305031121.015019 -0.169785 -0.0420058 0.342365 -0.0579258 0.000220987 0.00670872 0.998298
1305031121.047498 -0.171834 -0.0456824 0.343935 -0.0555927 0.00125029 0.00506323 0.99844
1305031121.083099 -0.170617 -0.0599349 0.348284 -0.0564384 -0.000644077 0.00471717 0.998395
1305031121.114696 -0.169907 -0.0661978 0.349817 -0.0528724 -0.00223756 0.00462866 0.998588
1305031121.147331 -0.170316 -0.0740634 0.352498 -0.050876 -0.00264073 0.00440268 0.998692
1305031121.183271 -0.170744 -0.0816823 0.356498 -0.0484953 -0.00395903 0.00392178 0.998808
1305031121.211420 -0.166241 -0.0902452 0.361484 -0.0458179 -0.00516149 0.00369925 0.99893
1305031121.247194 -0.170163 -0.0961335 0.362967 -0.0430362 -0.00246333 0.0024284 0.999068
1305031121.282876 -0.171073 -0.10636 0.367241 -0.0433921 -0.00355863 0.00363302 0.999045
1305031121.313568 -0.168289 -0.118049 0.37237 -0.041268 -0.00447856 0.00444115 0.999128
1305031121.347517 -0.171411 -0.124458 0.37431 -0.0387809 -0.0046246 0.00543673 0.999222
1305031121.383226 -0.165714 -0.137429 0.37965 -0.0381437 -0.00771889 0.00636673 0.999222
1305031121.414318 -0.165931 -0.144654 0.382909 -0.0331758 -0.00669152 0.00491058 0.999415
1305031121.447319 -0.165044 -0.150437 0.386796 -0.0313208 -0.00670917 0.00576975 0.99947
1305031121.482964 -0.160637 -0.163424 0.393856 -0.0308449 -0.00591301 0.00760941 0.999478
1305031121.514107 -0.166349 -0.166415 0.393244 -0.0258862 -0.00226937 0.00803599 0.99963
1305031121.547270 -0.16608 -0.17194 0.395995 -0.0267086 -0.00225998 0.00848698 0.999605
1305031121.583204 -0.164393 -0.18476 0.401673 -0.029345 -0.00136358 0.00786618 0.999537
1305031121.614700 -0.164731 -0.191888 0.404768 -0.0277995 0.000637213 0.00642816 0.999593
1305031121.647183 -0.162608 -0.196364 0.408354 -0.026764 0.00421551 0.00363481 0.999626
1305031121.683200 -0.165827 -0.205956 0.411181 -0.0300242 0.00885711 0.00236462 0.999507
1305031121.714520 -0.168598 -0.212768 0.413525 -0.0302168 0.0102409 0.0031446 0.999486
1305031121.747145 -0.167564 -0.216035 0.416918 -0.0313604 0.00999128 0.0034656 0.999452
1305031121.782835 -0.168108 -0.222591 0.421421 -0.032927 0.0106813 0.00548036 0.999386
1305031121.811540 -0.165024 -0.225019 0.425095 -0.0335452 0.0111224 0.00787433 0.999344
1305031121.847335 -0.167654 -0.227734 0.426185 -0.0349492 0.0138105 0.0103278 0.99924
1305031121.882060 -0.170461 -0.233052 0.427181 -0.0380085 0.015064 0.0162873 0.999031
1305031121.914931 -0.170017 -0.233761 0.426998 -0.0397149 0.0130003 0.0190541 0.998945
1305031121.947288 -0.165997 -0.233431 0.429152 -0.0395929 0.00963057 0.0190019 0.998989
1305031121.982926 -0.164184 -0.224866 0.429777 -0.0377115 0.00931778 0.0188393 0.999068
1305031122.014256 -0.166803 -0.224607 0.427469 -0.0393341 0.0101332 0.0164698 0.999039
1305031122.047306 -0.166204 -0.218671 0.424465 -0.0379781 0.00846522 0.0129128 0.999159
1305031122.082959 -0.165075 -0.213683 0.421462 -0.0379583 0.00753617 0.00939515 0.999207
1305031122.114672 -0.16566 -0.202844 0.416944 -0.0361144 0.00734921 0.00591854 0.999303
1305031122.150725 -0.165284 -0.196638 0.413952 -0.0378774 0.00681615 0.000737023 0.999259
1305031122.183042 -0.166013 -0.185903 0.407813 -0.036006 0.00802552 -0.00437888 0.99931
1305031122.214959 -0.167648 -0.16103 0.401791 -0.0351497 0.00954029 -0.00897562 0.999296
1305031122.251319 -0.167515 -0.158736 0.401103 -0.0431832 0.00979925 -0.0113606 0.998955
1305031122.283560 -0.173594 -0.144336 0.392165 -0.0427213 0.0105128 -0.0138859 0.998935
1305031122.314289 -0.175541 -0.126751 0.385139 -0.0476288 0.00827013 -0.0172604 0.998682
1305031122.351327 -0.176823 -0.122402 0.378858 -0.0559607 0.00605978 -0.0203144 0.998208
1305031122.382630 -0.182336 -0.109744 0.371498 -0.0601348 0.00550393 -0.0212658 0.997949
1305031122.414997 -0.185778 -0.104761 0.367059 -0.0654664 0.0019179 -0.0215617 0.99762
1305031122.451257 -0.187077 -0.0938938 0.358625 -0.0671365 -0.00254532 -0.0203733 0.997533
1305031122.483360 -0.187312 -0.0859654 0.353177 -0.0710511 -0.00774251 -0.0196028 0.99725
1305031122.515097 -0.186758 -0.075597 0.347552 -0.0723059 -0.0120971 -0.0207173 0.997094
1305031122.551490 -0.184626 -0.0654856 0.342059 -0.0740222 -0.0137728 -0.0224924 0.996908
1305031122.583208 -0.185094 -0.0573274 0.336258 -0.0762348 -0.0125773 -0.0237043 0.996729
1305031122.614980 -0.188397 -0.0526387 0.329013 -0.0784695 -0.0119281 -0.0232547 0.996574
1305031122.648788 -0.188748 -0.042395 0.323301 -0.077046 -0.0140683 -0.0222888 0.996679
1305031122.683402 -0.19041 -0.0326534 0.317114 -0.076656 -0.0149552 -0.0211864 0.99672
1305031122.715208 -0.192573 -0.0239115 0.312071 -0.07699 -0.0171193 -0.0179812 0.996723
1305031122.751298 -0.189916 -0.0102234 0.307786 -0.0758748 -0.0209715 -0.0170494 0.996751
1305031122.783423 -0.190106 0.00187863 0.303479 -0.0788626 -0.0212554 -0.0176416 0.996503
1305031122.812555 -0.188714 0.00837478 0.302626 -0.0852464 -0.0212603 -0.0178745 0.995973
1305031122.851418 -0.18559 0.0160239 0.300748 -0.0880391 -0.018425 -0.0198828 0.995748
1305031122.883754 -0.187454 0.0242629 0.296652 -0.0916628 -0.0116585 -0.0198372 0.995524
1305031122.914571 -0.189153 0.0273186 0.293392 -0.0969429 -0.00898296 -0.0183328 0.995081
1305031122.951341 -0.188964 0.0346305 0.291306 -0.0980469 -0.00864265 -0.0171813 0.994996
1305031122.982815 -0.191233 0.0445882 0.287804 -0.0989387 -0.00805456 -0.0135729 0.994968
1305031123.015450 -0.189403 0.0487453 0.285704 -0.102486 -0.0102031 -0.00987565 0.994633
1305031123.051827 -0.188333 0.0554697 0.283386 -0.102065 -0.0103198 -0.00799777 0.994692
1305031123.082975 -0.189823 0.0680719 0.279709 -0.100046 -0.00902864 -0.00560408 0.994926
1305031123.113873 -0.189499 0.0774378 0.277 -0.102976 -0.00821907 -0.00291174 0.994646
1305031123.150822 -0.190078 0.0846515 0.275425 -0.106386 -0.0075428 -0.00219927 0.994294
1305031123.182155 -0.187244 0.0958632 0.273908 -0.108242 -0.00705138 -0.00158506 0.994098
1305031123.214704 -0.18823 0.103747 0.272155 -0.113525 -0.00199308 -0.00154067 0.993532
1305031123.250618 -0.189254 0.115396 0.26936 -0.11876 0.00213113 -0.00323235 0.992915
1305031123.282347 -0.187999 0.121663 0.270838 -0.128668 0.00456606 1.23977e-05 0.991677
1305031123.311327 -0.185682 0.126285 0.271148 -0.136325 0.00757983 0.00142627 0.990634
1305031123.350481 -0.184878 0.131598 0.270189 -0.14276 0.0115343 0.00162354 0.989689
1305031123.382255 -0.183167 0.137938 0.270537 -0.148454 0.015552 0.00514084 0.988784
1305031123.411363 -0.18044 0.138317 0.268802 -0.1549 0.0193205 0.00713557 0.987715
1305031123.451255 -0.181648 0.14659 0.263996 -0.156629 0.022681 0.00753013 0.987368
1305031123.483594 -0.18045 0.154853 0.262409 -0.160442 0.0242153 0.0119066 0.986676
1305031123.511360 -0.179471 0.157142 0.260897 -0.165774 0.02571 0.0150669 0.985713
1305031123.551513 -0.179288 0.164397 0.257136 -0.167126 0.0258524 0.0167633 0.985454
1305031123.579583 -0.175892 0.170028 0.258141 -0.17021 0.0247531 0.0203261 0.984887
1305031123.611335 -0.176817 0.17915 0.252991 -0.170066 0.027236 0.0212193 0.984828
1305031123.652411 -0.174962 0.186824 0.252296 -0.173731 0.0287064 0.0210897 0.984149
1305031123.683753 -0.175092 0.193467 0.251344 -0.177361 0.0328471 0.0212084 0.983369
1305031123.711323 -0.172947 0.198949 0.249538 -0.18201 0.0358175 0.0224212 0.982388
1305031123.751723 -0.171371 0.19631 0.249514 -0.188834 0.0371255 0.0252761 0.980981
1305031123.783858 -0.171704 0.196857 0.247741 -0.191474 0.0370356 0.0272653 0.98042
1305031123.811608 -0.170857 0.199013 0.247901 -0.192169 0.0363238 0.0283775 0.980279
1305031123.851444 -0.170649 0.197362 0.248445 -0.194356 0.0361453 0.0307222 0.979783
1305031123.883786 -0.168762 0.19453 0.250348 -0.195266 0.0335499 0.0327967 0.979628
1305031123.911243 -0.167112 0.194246 0.250658 -0.191086 0.031285 0.0313003 0.980575
1305031123.951442 -0.16906 0.194093 0.247401 -0.189962 0.0323318 0.0322722 0.980728
1305031123.983415 -0.1656 0.182481 0.25478 -0.196185 0.0278477 0.036227 0.979502
1305031124.011302 -0.166779 0.178396 0.25804 -0.190123 0.0244232 0.0360992 0.980792
1305031124.051505 -0.167702 0.176443 0.257721 -0.183892 0.0221341 0.0351821 0.982067
1305031124.083837 -0.16605 0.170071 0.264317 -0.183511 0.0182997 0.0373448 0.982137
1305031124.111331 -0.161587 0.160456 0.268923 -0.178112 0.0133965 0.0366604 0.983236
1305031124.147446 -0.162983 0.159465 0.267898 -0.169777 0.0129917 0.0333392 0.984833
1305031124.182694 -0.160251 0.149773 0.274403 -0.170055 0.0103913 0.0320904 0.984857
1305031124.211396 -0.157896 0.141222 0.28107 -0.163694 0.00809834 0.030298 0.986012
1305031124.249327 -0.161503 0.13371 0.278956 -0.157988 0.00889811 0.0295847 0.986958
1305031124.282545 -0.161952 0.126942 0.283025 -0.156885 0.00482684 0.0293545 0.987169
1305031124.311361 -0.15825 0.115768 0.29063 -0.153838 -0.000929728 0.0305943 0.987622
1305031124.350354 -0.15689 0.107584 0.29261 -0.1486 -0.00468256 0.0297589 0.988438
1305031124.382420 -0.156221 0.100088 0.297023 -0.143958 -0.00706052 0.0281437 0.989158
1305031124.411439 -0.154975 0.0886655 0.30131 -0.139386 -0.00886746 0.02772 0.98981
1305031124.450245 -0.156407 0.080617 0.303502 -0.131346 -0.00915474 0.0251967 0.990974
1305031124.480099 -0.155644 0.0690006 0.305793 -0.125359 -0.0105697 0.0220482 0.99181
1305031124.511324 -0.157059 0.0617542 0.307927 -0.11748 -0.0116095 0.0202137 0.992802
1305031124.550437 -0.158085 0.0517261 0.310748 -0.113134 -0.0128735 0.0176509 0.99334
1305031124.579404 -0.159012 0.0407222 0.314519 -0.109241 -0.0149126 0.014666 0.993795
1305031124.611358 -0.158336 0.0315423 0.319149 -0.103457 -0.0175501 0.0126345 0.994399
1305031124.651271 -0.158999 0.0221512 0.323875 -0.0990721 -0.0194994 0.0106787 0.994832
1305031124.679362 -0.156861 0.0119614 0.329741 -0.0946905 -0.0220643 0.00880048 0.995223
1305031124.711251 -0.156019 0.00233913 0.33373 -0.0898692 -0.0223041 0.00663642 0.995682
1305031124.749890 -0.156971 -0.00999259 0.337856 -0.0880195 -0.0218438 0.00467191 0.995868
1305031124.779365 -0.156445 -0.0191584 0.344713 -0.0837189 -0.0233053 0.00400495 0.996209
1305031124.811360 -0.15655 -0.0293444 0.3486 -0.0812707 -0.0239371 0.00310783 0.9964
1305031124.850535 -0.156627 -0.0401419 0.356504 -0.08066 -0.0251529 0.00213332 0.996422
1305031124.879355 -0.150837 -0.0499702 0.36717 -0.0779536 -0.0272817 0.00214159 0.996581
1305031124.911448 -0.151655 -0.055617 0.373667 -0.0750796 -0.0243169 0.00172703 0.99688
1305031124.950730 -0.15148 -0.0640673 0.381151 -0.0771127 -0.0229152 0.00157319 0.996758
1305031124.979438 -0.151243 -0.0822612 0.389065 -0.0776148 -0.0217968 0.00352815 0.996739
1305031125.011454 -0.154495 -0.0921346 0.392411 -0.0727701 -0.0229767 0.00433401 0.997075
1305031125.050763 -0.150653 -0.0925955 0.39986 -0.0677822 -0.0264414 0.00518361 0.997336
1305031125.079364 -0.151301 -0.104159 0.406435 -0.0690578 -0.0248526 0.00797171 0.997271
1305031125.111364 -0.153677 -0.117693 0.410316 -0.0690693 -0.0248741 0.00914536 0.99726
1305031125.151013 -0.1502 -0.122404 0.416423 -0.063788 -0.0264422 0.00739992 0.997586
1305031125.179353 -0.151812 -0.124445 0.419104 -0.0625951 -0.0232722 0.00774669 0.997738
1305031125.211320 -0.153053 -0.138214 0.425408 -0.0670798 -0.0215609 0.00804968 0.997482
1305031125.250632 -0.154127 -0.149148 0.430379 -0.0651046 -0.021302 0.00533204 0.997637
1305031125.279467 -0.154164 -0.153184 0.431578 -0.0615012 -0.0212928 0.00417644 0.997871
1305031125.311493 -0.15289 -0.164546 0.438256 -0.0623789 -0.0200228 0.00484002 0.99784
1305031125.348880 -0.155388 -0.169018 0.441151 -0.0579484 -0.0185253 0.00154645 0.998146
1305031125.379401 -0.150063 -0.171777 0.446659 -0.0574455 -0.0183407 -0.00258095 0.998177
1305031125.411335 -0.149138 -0.175995 0.45033 -0.0572239 -0.0121379 -0.00349323 0.998281
1305031125.451195 -0.152469 -0.182476 0.453696 -0.0605774 -0.00584773 -0.00584881 0.998129
1305031125.479424 -0.152068 -0.190657 0.458527 -0.0603665 -0.00221692 -0.00760186 0.998145
1305031125.511316 -0.153276 -0.189788 0.459149 -0.0589233 0.00189489 -0.00838649 0.998225
1305031125.551020 -0.152656 -0.192323 0.460518 -0.0598382 0.0047269 -0.0100763 0.998146
1305031125.579308 -0.151734 -0.194449 0.462534 -0.0615195 0.00790419 -0.0126429 0.997995
1305031125.611533 -0.153421 -0.201573 0.461891 -0.0620515 0.0118491 -0.0134643 0.997912
1305031125.650575 -0.160048 -0.204907 0.458723 -0.0580055 0.0140241 -0.010623 0.998161
1305031125.679328 -0.166603 -0.1966 0.450473 -0.052158 0.0117571 -0.0103226 0.998516
1305031125.711443 -0.16065 -0.198552 0.449711 -0.0518395 0.00430875 -0.00741906 0.998619
1305031125.751260 -0.157863 -0.18399 0.441293 -0.0443153 0.001266 -0.00572213 0.999
1305031125.779348 -0.15668 -0.176708 0.438424 -0.0445809 -0.000283138 -0.00829704 0.998971
1305031125.811573 -0.155421 -0.166626 0.433286 -0.0437735 5.61714e-05 -0.0090159 0.999001
1305031125.847412 -0.157263 -0.160359 0.428717 -0.0464064 0.00207739 -0.0112156 0.998858
1305031125.879318 -0.161312 -0.151413 0.421248 -0.0460351 0.00252372 -0.0122171 0.998862
1305031125.911305 -0.166274 -0.140708 0.415384 -0.0495799 0.000552509 -0.010621 0.998714
1305031125.947343 -0.170011 -0.138348 0.411051 -0.0544687 -0.00520083 -0.00814302 0.998469
1305031125.979324 -0.170398 -0.126963 0.40347 -0.054049 -0.0123095 -0.00506749 0.99845
1305031126.011333 -0.165597 -0.113925 0.400569 -0.0556044 -0.0193697 -0.00472394 0.998254
1305031126.047324 -0.159088 -0.0986702 0.398497 -0.05757 -0.0228403 -0.00331688 0.998075
1305031126.079356 -0.158637 -0.0871629 0.395991 -0.062317 -0.0214362 -0.00205451 0.997824
1305031126.111370 -0.157099 -0.0798615 0.393843 -0.0675334 -0.0213205 -0.00260185 0.997486
1305031126.147432 -0.159158 -0.0631574 0.388639 -0.0687927 -0.0192352 -0.0010254 0.997445
1305031126.179384 -0.158892 -0.0509777 0.3848 -0.0758001 -0.0197181 7.78425e-05 0.996928
1305031126.211319 -0.155698 -0.0438015 0.384406 -0.0819957 -0.02142 0.00103932 0.996402
1305031126.247298 -0.155186 -0.0317629 0.378259 -0.0854637 -0.020085 0.00135544 0.996138
1305031126.279363 -0.154738 -0.0202843 0.376595 -0.0900654 -0.0187052 0.000773686 0.99576
1305031126.311332 -0.152362 -0.00582339 0.374088 -0.0940068 -0.0166993 -0.000138305 0.995431
1305031126.347363 -0.152414 0.0024234 0.371021 -0.099707 -0.0131158 -0.00170336 0.994929
1305031126.379423 -0.153968 0.00999255 0.36705 -0.104841 -0.00987046 -0.00274021 0.994436
1305031126.411465 -0.154751 0.0197963 0.362631 -0.110056 -0.00830967 -0.00414508 0.993882
1305031126.447361 -0.155261 0.0263572 0.361156 -0.115717 -0.00701626 -0.00310952 0.993253
1305031126.479533 -0.157101 0.03317 0.35465 -0.118922 -0.00651087 -1.72373e-05 0.992882
1305031126.511410 -0.157203 0.0458636 0.349877 -0.12123 -0.00837693 0.00169068 0.992588
1305031126.547374 -0.153295 0.0549011 0.349606 -0.127605 -0.0104826 0.00339919 0.991764
1305031126.579454 -0.150856 0.0624785 0.347579 -0.132605 -0.00924715 0.00562494 0.99111
1305031126.611528 -0.151405 0.0695362 0.345333 -0.13852 -0.00719821 0.0074169 0.990306
1305031126.647376 -0.148167 0.0715702 0.346389 -0.144853 -0.00677214 0.0102235 0.989377
1305031126.679479 -0.147322 0.0751137 0.343303 -0.147747 -0.00466614 0.0144896 0.988908
1305031126.711583 -0.145987 0.0813429 0.340027 -0.150386 -0.00338682 0.0174248 0.988468
1305031126.747316 -0.143493 0.0822346 0.338569 -0.152838 -0.00242772 0.0211309 0.988022
1305031126.779379 -0.144282 0.0864294 0.334592 -0.152612 -0.000703088 0.0239699 0.987995
1305031126.811602 -0.140609 0.0903453 0.334262 -0.153126 -2.84289e-05 0.0249044 0.987893
1305031126.847343 -0.141577 0.0939932 0.330138 -0.153111 0.00470726 0.0249431 0.987883
1305031126.879357 -0.140285 0.094334 0.327039 -0.154952 0.00625279 0.0259166 0.987562
1305031126.911364 -0.138879 0.0954447 0.326219 -0.155321 0.00800017 0.0249244 0.987517
1305031126.947437 -0.140797 0.0944694 0.322917 -0.156943 0.0102285 0.0267773 0.987192
1305031126.979337 -0.13796 0.092813 0.322727 -0.158212 0.00809488 0.0285165 0.98696
1305031127.011371 -0.137508 0.0932264 0.322924 -0.156362 0.00706147 0.0290976 0.987246
1305031127.047297 -0.138979 0.0931093 0.320843 -0.155558 0.00764208 0.0302031 0.987335
1305031127.079299 -0.139437 0.0920516 0.321283 -0.156214 0.00742886 0.0305048 0.987224
1305031127.111435 -0.139622 0.0906249 0.322503 -0.156031 0.00519522 0.0319378 0.987222
1305031127.147307 -0.138145 0.0891614 0.324503 -0.154622 0.00094137 0.0332683 0.987413
1305031127.179349 -0.138813 0.0894867 0.324024 -0.151618 -0.00167017 0.0322418 0.987912
1305031127.211700 -0.136488 0.08874 0.327227 -0.150656 -0.0042184 0.0322426 0.988051
1305031127.247374 -0.135819 0.085107 0.329973 -0.149338 -0.00460537 0.0319691 0.988259
1305031127.279465 -0.138409 0.0845842 0.328353 -0.146151 -0.00343393 0.0303473 0.988791
1305031127.311362 -0.138907 0.0808967 0.330449 -0.147267 -0.00430298 0.0298681 0.988636
1305031127.347356 -0.137475 0.0757005 0.334283 -0.146304 -0.00660573 0.0297606 0.98877
1305031127.379262 -0.138965 0.0746196 0.333827 -0.143325 -0.00697622 0.0292377 0.989219
1305031127.411371 -0.139153 0.0731721 0.335959 -0.142945 -0.00818708 0.0283118 0.989292
1305031127.447333 -0.13915 0.0692297 0.33986 -0.142636 -0.00950858 0.0280579 0.989332
1305031127.479362 -0.139812 0.0697874 0.33988 -0.140021 -0.0104898 0.0271191 0.989721
1305031127.511356 -0.1405 0.0691921 0.341929 -0.140849 -0.0115294 0.0259558 0.989624
1305031127.547348 -0.138571 0.0658459 0.345955 -0.141188 -0.0134454 0.026102 0.989547
1305031127.579345 -0.13943 0.0667191 0.347218 -0.138731 -0.013699 0.0262387 0.989888
1305031127.611271 -0.139489 0.0679101 0.347854 -0.138319 -0.0141839 0.0257776 0.989951
1305031127.647358 -0.138015 0.0654669 0.349955 -0.13972 -0.0150619 0.0272979 0.9897
1305031127.679298 -0.138639 0.0632284 0.349974 -0.138577 -0.0150676 0.0280666 0.989839
1305031127.711375 -0.139642 0.0657718 0.349437 -0.136823 -0.015443 0.0270501 0.990106
1305031127.747304 -0.137476 0.0639017 0.352826 -0.138543 -0.0170028 0.0275197 0.989828
1305031127.779346 -0.137979 0.0614242 0.353972 -0.137884 -0.0168856 0.0278684 0.989912
1305031127.811829 -0.138981 0.0623518 0.354082 -0.136003 -0.0170359 0.0269162 0.990196
1305031127.847366 -0.139183 0.0617021 0.354505 -0.136322 -0.0170561 0.0262547 0.99017
1305031127.879380 -0.139353 0.0605868 0.355294 -0.136663 -0.017419 0.0262198 0.990117
1305031127.911476 -0.140141 0.0612277 0.355718 -0.135873 -0.0181345 0.0253843 0.990235
1305031127.947366 -0.140816 0.0629092 0.354821 -0.135723 -0.0186214 0.0252424 0.99025
1305031127.979371 -0.14058 0.0613431 0.35642 -0.137953 -0.0195285 0.0254932 0.989918
1305031128.011427 -0.138611 0.0615335 0.358549 -0.138923 -0.0205145 0.025216 0.98977
1305031128.047369 -0.135623 0.0599126 0.364186 -0.142065 -0.0209976 0.0270794 0.989264
1305031128.079334 -0.137278 0.0571417 0.365195 -0.142647 -0.0197519 0.0283188 0.989171
1305031128.111391 -0.13668 0.0561046 0.365658 -0.142166 -0.0201197 0.0289302 0.989215
1305031128.147418 -0.135667 0.0561738 0.367705 -0.142733 -0.0206071 0.0305805 0.989074
1305031128.179350 -0.134572 0.0529974 0.369923 -0.142709 -0.0208813 0.0321609 0.989022
1305031128.211447 -0.136105 0.0532128 0.368693 -0.14044 -0.020018 0.0320329 0.989368
1305031128.247480 -0.137182 0.0538268 0.368476 -0.14038 -0.0198543 0.0324116 0.989368
1305031128.279336 -0.136154 0.0510032 0.370202 -0.141425 -0.020545 0.0327397 0.989194
1305031128.311483 -0.137059 0.0518052 0.368384 -0.13964 -0.020088 0.0319081 0.989484
1305031128.347423 -0.13743 0.0528476 0.368942 -0.139082 -0.0201868 0.0309872 0.98959
1305031128.379404 -0.137369 0.0521817 0.370261 -0.139454 -0.0208368 0.0298014 0.989561
1305031128.411337 -0.137356 0.0516106 0.370102 -0.138924 -0.020978 0.0286908 0.989665
1305031128.447296 -0.138342 0.0517552 0.369489 -0.138468 -0.0207028 0.0276048 0.989766
1305031128.479296 -0.137793 0.0514166 0.371127 -0.138701 -0.021479 0.0268706 0.989737
1305031128.511433 -0.137683 0.051987 0.371365 -0.13792 -0.0214349 0.0258608 0.989874
1305031128.547399 -0.137851 0.0513994 0.371295 -0.138152 -0.0209436 0.0257101 0.989856
1305031128.579455 -0.138573 0.0496466 0.371897 -0.138095 -0.0201532 0.0253382 0.98989
1305031128.611395 -0.139591 0.0495427 0.37195 -0.136569 -0.0197834 0.0258034 0.990097
1305031128.647352 -0.140688 0.0505102 0.371406 -0.13563 -0.0206792 0.026034 0.990202
1305031128.679282 -0.139214 0.0491107 0.371778 -0.135765 -0.022782 0.0261203 0.990135
1305031128.711457 -0.138514 0.0495108 0.372217 -0.134386 -0.0231121 0.0254331 0.990333
1305031128.747363 -0.13886 0.0498687 0.371792 -0.133297 -0.021965 0.0236922 0.990549
