1305031102.175304 0 0 0 0 0 0 1
1305031102.211214 -0.00144979 0.00950096 0.0127423 -0.00159334 -0.00345658 -0.00115033 0.999992
1305031102.275326 -0.00233787 0.00722391 0.0382477 -0.0139866 -0.0094016 -0.000929917 0.999858
1305031102.311267 -0.00245589 0.00612192 0.0517267 -0.0187054 -0.0114799 -9.90902e-06 0.999759
1305031102.343233 -0.00257452 0.00717948 0.0629533 -0.0204298 -0.0134123 0.00156618 0.9997
1305031102.375329 -0.0037487 0.00656121 0.0725142 -0.0229912 -0.0147522 0.00136539 0.999626
1305031102.411258 -0.00780624 0.00988019 0.0820627 -0.0242415 -0.0163108 9.2497e-05 0.999573
1305031102.443271 -0.0089039 0.0158946 0.0927162 -0.0285163 -0.0194998 5.2254e-05 0.999403
1305031102.475318 -0.00643379 0.0144256 0.108013 -0.0366088 -0.0226872 -0.00025684 0.999072
1305031102.511219 -0.00587176 0.0163541 0.123559 -0.0410301 -0.0222599 -0.00116505 0.998909
1305031102.575286 -0.00180122 0.0123903 0.151541 -0.0485286 -0.0213702 -0.00416271 0.998584
1305031102.611233 -0.00495151 0.0112304 0.164882 -0.0460211 -0.0176026 -0.0031526 0.99878
1305031102.675285 -0.0113176 0.0202461 0.18364 -0.0440889 -0.0161418 -0.00262969 0.998894
1305031102.711263 -0.0134953 0.0196924 0.198871 -0.0454724 -0.0157772 -0.000975149 0.998841
1305031102.743234 -0.0182171 0.0273491 0.208593 -0.0445754 -0.0138694 -0.000616386 0.99891
1305031102.775472 -0.00869729 0.0307549 0.229014 -0.0463362 -0.0164373 -0.000770667 0.99879
1305031102.811232 -0.00992227 0.0345919 0.240936 -0.0468881 -0.0129897 -0.00203471 0.998814
1305031102.843290 -0.0110749 0.0355466 0.256553 -0.0489184 -0.00905764 -0.00326507 0.998756
1305031102.875363 -0.0141405 0.0372672 0.266153 -0.0485043 -0.00510001 -0.00522077 0.998796
1305031102.911185 -0.0153626 0.0397858 0.277314 -0.0481363 -0.00338136 -0.00691318 0.998811
1305031102.975203 -0.025886 0.0438452 0.292957 -0.0491088 -0.00654127 -0.0080317 0.99874
1305031103.011215 -0.0266119 0.0452542 0.303948 -0.0509167 -0.0127838 -0.00592437 0.998604
1305031103.043227 -0.0262001 0.0499904 0.31504 -0.0519165 -0.0192462 -0.00296977 0.998462
1305031103.075319 -0.0210027 0.0510299 0.332496 -0.0522591 -0.0246851 0.000295925 0.998328
1305031103.111240 -0.0210595 0.058824 0.339403 -0.0494816 -0.0243123 0.0015001 0.998478
1305031103.143318 -0.0217614 0.0615226 0.350602 -0.0510509 -0.0241689 0.00251063 0.9984
1305031103.175452 -0.0234515 0.066547 0.3592 -0.0511388 -0.0218525 0.00246138 0.998449
1305031103.243216 -0.026207 0.0729035 0.372885 -0.0632878 -0.0202893 0.00589274 0.997772
1305031103.275370 -0.0350734 0.0705713 0.369399 -0.0741754 -0.0182848 0.00898182 0.997037
1305031103.311210 -0.0301511 0.0669053 0.381817 -0.0823598 -0.0310735 0.0107148 0.99606
1305031103.343223 -0.0234298 0.0702838 0.38807 -0.0820507 -0.0381663 0.0107014 0.99584
1305031103.375327 -0.0222832 0.0691542 0.389629 -0.0860978 -0.0370665 0.0127559 0.995515
1305031103.411260 -0.0223072 0.0643733 0.387286 -0.088898 -0.0364634 0.0145816 0.995266
1305031103.443280 -0.0248356 0.0623188 0.381726 -0.0886421 -0.0376413 0.0137981 0.995256
1305031103.475274 -0.0230729 0.0605373 0.381417 -0.0878722 -0.0418897 0.013218 0.995163
1305031103.511333 -0.0219051 0.0553595 0.374827 -0.086021 -0.0438787 0.0111812 0.995264
1305031103.543444 -0.0208987 0.0517727 0.368195 -0.0816014 -0.0457147 0.00987996 0.995567
1305031103.575474 -0.0213225 0.0505249 0.35622 -0.0759493 -0.0470024 0.00999452 0.995953
1305031103.611223 -0.0222482 0.042209 0.342412 -0.0751942 -0.0493813 0.0107603 0.995887
1305031103.643445 -0.022034 0.0384908 0.331356 -0.0720521 -0.0534791 0.0115767 0.995899
1305031103.675523 -0.020047 0.0354036 0.320449 -0.0687979 -0.0564626 0.0112863 0.995968
1305031103.711610 -0.0166512 0.0309629 0.30794 -0.0666638 -0.0584013 0.0114271 0.995999
1305031103.743326 -0.0148486 0.024907 0.296282 -0.0645275 -0.0584027 0.0106889 0.996148
1305031103.775342 -0.0141726 0.0221096 0.27935 -0.0611038 -0.0576522 0.00702743 0.99644
1305031103.811242 -0.013638 0.0212867 0.265338 -0.0604272 -0.0564874 0.00319033 0.996568
1305031103.843251 -0.0158525 0.0223387 0.251151 -0.062219 -0.0556828 0.000826721 0.996508
1305031103.875361 -0.015411 0.00983526 0.237417 -0.0711927 -0.0587746 -0.00112378 0.995729
1305031103.911221 -0.0133623 0.00106821 0.22277 -0.0712369 -0.0631614 -0.00299587 0.995453
1305031103.943211 -0.0121634 -0.00316744 0.206356 -0.0694654 -0.0657358 -0.00401588 0.995408
1305031103.975373 -0.00819896 -0.00690913 0.193982 -0.0672604 -0.0687329 -0.00428742 0.995356
1305031104.011232 -0.00213427 -0.0126979 0.18365 -0.0631939 -0.0706234 -0.00464322 0.995488
1305031104.043249 0.00191942 -0.0143057 0.167904 -0.0555311 -0.0681041 -0.0065862 0.99611
1305031104.075425 0.00394402 -0.0121949 0.154713 -0.05019 -0.0638042 -0.0096105 0.996653
1305031104.111235 0.00808952 -0.0180883 0.143165 -0.047713 -0.0586776 -0.0105678 0.99708
1305031104.143230 0.00551594 -0.0214257 0.125793 -0.0423035 -0.0515613 -0.0121241 0.9977
1305031104.175424 0.00430227 -0.0255995 0.110264 -0.0386559 -0.0476663 -0.0131555 0.998028
1305031104.211283 0.00741461 -0.0280126 0.0989291 -0.0341956 -0.0461829 -0.0125581 0.998269
1305031104.243196 0.00751542 -0.0291253 0.0858953 -0.029135 -0.043598 -0.0122378 0.998549
1305031104.275546 0.00859712 -0.0294236 0.0742295 -0.0241204 -0.0412098 -0.0133014 0.998771
1305031104.311219 0.00925396 -0.0319817 0.0625419 -0.020727 -0.0379146 -0.0133582 0.998977
1305031104.343342 0.0108503 -0.0300596 0.0513836 -0.016576 -0.0339992 -0.0137775 0.999189
1305031104.375837 0.011707 -0.0307544 0.0412649 -0.0146322 -0.0293557 -0.0130153 0.999377
1305031104.411509 0.00808016 -0.032705 0.0283235 -0.0135021 -0.0242775 -0.0131628 0.999527
1305031104.443288 0.00292586 -0.0329599 0.0149238 -0.0127663 -0.0213625 -0.0135114 0.999599
1305031104.475456 -0.00223326 -0.0359049 0.00313361 -0.0136938 -0.0211678 -0.0128762 0.999599
1305031104.511329 -0.00157893 -0.0406088 -0.00551101 -0.0138909 -0.024241 -0.0108275 0.999551
1305031104.543368 0.00329386 -0.0405208 -0.0132633 -0.0101429 -0.0277973 -0.00912152 0.99952
1305031104.575343 0.0085297 -0.044444 -0.0180019 -0.0061047 -0.0288412 -0.00863154 0.999528
1305031104.611336 0.0192037 -0.0489402 -0.0223552 0.00334327 -0.0270723 -0.00576865 0.999611
1305031104.643243 0.0197488 -0.0448879 -0.0315813 0.0170045 -0.0192186 -0.00577793 0.999654
1305031104.675525 0.0240639 -0.0518557 -0.0405869 0.0265605 -0.0121046 -0.00429957 0.999565
1305031104.711277 0.0227169 -0.0532328 -0.0500862 0.0400744 -0.00391981 -0.00176343 0.999187
1305031104.743280 0.0253694 -0.0520413 -0.0602835 0.0536682 0.00302955 -0.000230753 0.998554
1305031104.775327 0.0265464 -0.0556878 -0.070824 0.0639991 0.0101647 0.00186812 0.997896
1305031104.811465 0.0296702 -0.0481413 -0.0805278 0.0768951 0.0163698 0.00458313 0.996894
1305031104.843258 0.0276066 -0.0448415 -0.0869464 0.0854566 0.0235733 0.00663241 0.996041
1305031104.875350 0.021169 -0.0387934 -0.0926894 0.09209 0.0282472 0.00803687 0.995318
1305031104.911534 0.0238715 -0.0417241 -0.0980284 0.0923207 0.0287063 0.00961771 0.995269
1305031104.943262 0.0220791 -0.0328293 -0.0948239 0.095919 0.0298899 0.010234 0.994888
1305031104.975202 0.0186827 -0.0322278 -0.0967681 0.09411 0.0303927 0.0102407 0.995045
1305031105.011290 0.0145492 -0.0223112 -0.0902046 0.092176 0.0312964 0.0105096 0.995195
1305031105.043373 0.0233533 -0.02541 -0.0826141 0.0845451 0.0276318 0.0100945 0.995985
1305031105.075320 0.0101002 -0.0271662 -0.0811553 0.0767985 0.0315629 0.00593565 0.996529
1305031105.111299 0.0141564 -0.0318374 -0.0681177 0.069152 0.0286346 0.00550101 0.99718
1305031105.143106 0.00972705 -0.0173993 -0.0551418 0.066955 0.0267859 0.00431141 0.997387
1305031105.175159 0.00163056 -0.0150749 -0.0553121 0.0541774 0.0263164 -0.00339914 0.998179
1305031105.211268 0.00891903 -0.0115266 -0.0191951 0.0427476 0.0175252 0.000977868 0.998932
1305031105.243270 0.0029288 -0.0215501 -0.0226388 0.0307737 0.0142974 -0.00384722 0.999417
1305031105.275288 -0.00532121 -0.00117503 -0.00249457 0.0264767 0.00958131 -0.00217382 0.999601
1305031105.311290 -0.00817402 -0.0178348 -0.00196372 0.0110731 0.00310627 -0.00802937 0.999902
1305031105.343302 -0.0143207 -0.0168033 0.0189802 0.00276127 -0.00260701 -0.00801625 0.999961
1305031105.375338 -0.0126672 -0.0184319 0.0408556 -0.00203408 -0.00953312 -0.00660699 0.999931
1305031105.411286 -0.00803533 -0.0154337 0.043588 -0.00725316 -0.0156025 -0.00427125 0.999843
1305031105.443316 -0.0190804 -0.0140904 0.0634208 -0.0130921 -0.0164631 -0.00945788 0.999734
1305031105.475280 -0.0122439 -0.0128998 0.0860175 -0.0173633 -0.0235904 -0.0064186 0.99955
1305031105.511332 -0.0137079 -0.0116045 0.100058 -0.0220329 -0.0257943 -0.00794864 0.999393
1305031105.543282 -0.0135622 -0.014803 0.114625 -0.0276839 -0.0268099 -0.00661785 0.999235
1305031105.575449 -0.01734 -0.0119021 0.129097 -0.0299851 -0.0270863 -0.0068002 0.99916
1305031105.611378 -0.0158823 -0.0140361 0.145456 -0.0335528 -0.0287298 -0.00660548 0.999002
1305031105.643273 -0.0187473 -0.0111642 0.158902 -0.0335351 -0.028127 -0.00419385 0.999033
1305031105.711309 -0.0128681 -0.00804507 0.195168 -0.0346521 -0.0290761 -0.00283456 0.998972
1305031105.743312 -0.012659 -0.00576705 0.203082 -0.033485 -0.0248003 -0.00184098 0.99913
1305031105.775339 -0.0100812 0.000269553 0.222859 -0.0317115 -0.0211303 -0.00275626 0.99927
1305031105.811283 -0.0124808 0.00247832 0.241025 -0.030139 -0.015083 -0.00242301 0.999429
1305031105.843271 -0.0097414 0.00584348 0.257684 -0.0283881 -0.0124494 -0.00108102 0.999519
1305031105.875337 -0.00829389 0.01205 0.270493 -0.0266222 -0.00734099 0.000247446 0.999619
1305031105.911262 -0.00704363 0.0146154 0.284634 -0.0296683 -0.00348635 0.00451386 0.999544
1305031105.943272 -0.00867663 0.0226153 0.300974 -0.0305698 0.000369016 0.0071284 0.999507
1305031105.975329 -0.00727104 0.0232512 0.310884 -0.0366639 0.00224336 0.00892382 0.999285
1305031106.011285 -0.00832142 0.0298942 0.325504 -0.0396882 0.00497221 0.0100205 0.999149
1305031106.043355 -0.010006 0.0301394 0.33523 -0.0458735 0.00820668 0.0111144 0.998852
1305031106.075330 -0.0111822 0.0334246 0.346249 -0.0501816 0.00941687 0.0127902 0.998614
1305031106.111327 -0.0137724 0.0390349 0.356945 -0.0552358 0.0102269 0.013178 0.998334
1305031106.143355 -0.016183 0.0406095 0.369844 -0.0628041 0.00932204 0.0147147 0.997874
1305031106.175534 -0.0166299 0.0421807 0.380027 -0.0673572 0.00757014 0.016156 0.997569
1305031106.211275 -0.0164675 0.0431443 0.391948 -0.0709832 0.00517131 0.0175292 0.99731
1305031106.243267 -0.0187577 0.0458124 0.399943 -0.070982 0.00448544 0.0204827 0.997257
1305031106.276385 -0.0178592 0.0512791 0.406299 -0.0718111 0.00184504 0.0220944 0.997172
1305031106.311238 -0.0190783 0.0539238 0.41279 -0.075741 0.0012192 0.0242671 0.996831
1305031106.343258 -0.0227608 0.0593221 0.41215 -0.0804142 0.0018852 0.0242741 0.996464
1305031106.375388 -0.0221036 0.0626599 0.422224 -0.0887292 0.00164152 0.0161422 0.995924
1305031106.411320 -0.0209762 0.055967 0.42233 -0.0966489 0.00675581 0.0101297 0.995244
1305031106.443278 -0.0234472 0.0528249 0.418718 -0.0980597 0.0109811 0.00755924 0.995091
1305031106.475345 -0.0243514 0.0467222 0.411369 -0.0998159 0.0102465 0.00657378 0.994931
1305031106.511129 -0.0250244 0.0421218 0.405943 -0.0990379 0.0065165 0.00765276 0.995033
1305031106.543302 -0.022626 0.0414675 0.397767 -0.0944939 0.000850258 0.00688426 0.995501
1305031106.575282 -0.0228041 0.038449 0.385765 -0.091306 -0.000793813 0.00495093 0.99581
1305031106.611151 -0.0241617 0.0367795 0.371899 -0.0906963 -0.00356041 0.00217029 0.99587
1305031106.643207 -0.0223018 0.0313936 0.362942 -0.0908329 -0.00766886 0.000441288 0.995837
1305031106.675279 -0.024233 0.0280537 0.3459 -0.0886912 -0.0101354 0.000204803 0.996008
1305031106.711508 -0.0243757 0.0244585 0.329204 -0.0903202 -0.016337 0.0006048 0.995779
1305031106.743341 -0.0269297 0.0180797 0.312262 -0.0895056 -0.0216421 0.000462597 0.995751
1305031106.775390 -0.0215067 0.0191937 0.303546 -0.086474 -0.0303359 0.00110053 0.995792
1305031106.811289 -0.0225387 0.0185259 0.284468 -0.0858109 -0.0335772 -0.000532103 0.995745
1305031106.843416 -0.0198417 0.00870955 0.269121 -0.0883528 -0.0389093 -0.000122659 0.995329
1305031106.875905 -0.0176851 0.00196688 0.249239 -0.0831547 -0.0417763 -0.00412991 0.995652
1305031106.911243 -0.01579 0.00548454 0.232442 -0.077314 -0.0419198 -0.00821389 0.996091
1305031106.943439 -0.0156796 -0.00474131 0.21385 -0.0776205 -0.040537 -0.0128099 0.996076
1305031106.975547 -0.013925 -0.00841632 0.196802 -0.070504 -0.0389492 -0.0144168 0.996647
1305031107.011576 -0.0136787 -0.00900304 0.173366 -0.0638738 -0.0361063 -0.0184368 0.997134
1305031107.043281 -0.0138113 -0.0132308 0.159124 -0.0639867 -0.0336121 -0.0210837 0.997162
1305031107.075432 -0.0114923 -0.0159346 0.143157 -0.0581522 -0.0340109 -0.0197435 0.997533
1305031107.111229 -0.0141478 -0.0193996 0.122347 -0.0539779 -0.0332222 -0.0220833 0.997745
1305031107.143260 -0.014384 -0.0221799 0.106458 -0.053075 -0.0318501 -0.0222738 0.997834
1305031107.175399 -0.010605 -0.0250769 0.0962627 -0.0501216 -0.0312779 -0.0224709 0.998
1305031107.211358 -0.00150402 -0.0349845 0.081934 -0.0462651 -0.0320186 -0.021494 0.998185
1305031107.243378 -0.00541648 -0.0331676 0.0642538 -0.0385642 -0.026611 -0.0235607 0.998624
1305031107.275398 -0.00499907 -0.029487 0.0566701 -0.0302826 -0.0230717 -0.0242876 0.99898
1305031107.311226 0.00514515 -0.0339517 0.046159 -0.0234029 -0.0227629 -0.0223681 0.999217
1305031107.343509 0.00592547 -0.0367944 0.0374375 -0.0122349 -0.0185503 -0.0229095 0.999491
1305031107.375413 0.00726088 -0.0372236 0.0263415 -0.00377586 -0.0135342 -0.0235969 0.999623
1305031107.411271 0.0077564 -0.0341594 0.0200815 0.00441383 -0.00828702 -0.0245803 0.999654
1305031107.443419 0.00888167 -0.0340866 0.0160328 0.0093749 -0.00342843 -0.0248645 0.999641
1305031107.475377 0.0138425 -0.0380737 0.0132575 0.0107975 -0.000145001 -0.0237399 0.99966
1305031107.511352 0.0159945 -0.034321 0.0054286 0.0131198 0.00391959 -0.022659 0.999649
1305031107.543605 0.0163805 -0.0371742 0.00626406 0.00943135 0.00712491 -0.0213995 0.999701
1305031107.575454 0.0205017 -0.0416813 0.00739445 0.00828112 0.00849322 -0.018317 0.999762
1305031107.611271 0.0186 -0.0288715 0.00568407 0.0126131 0.0112726 -0.0177506 0.999699
1305031107.643323 0.0154991 -0.031592 0.00628526 0.00795199 0.0141625 -0.0176007 0.999713
1305031107.675568 0.0142278 -0.0313877 0.00858859 0.00699723 0.0150735 -0.0177891 0.999704
1305031107.711307 0.0148591 -0.0302822 0.00829056 0.00489068 0.0145319 -0.0162177 0.999751
1305031107.743538 0.0152252 -0.0271691 0.0109958 0.00191651 0.0128129 -0.0154402 0.999797
1305031107.775802 0.015535 -0.0273867 0.0127048 -0.00129034 0.00995253 -0.0156343 0.999827
1305031107.811596 0.0118016 -0.0216825 0.0161562 -0.00156622 0.00945894 -0.0171936 0.999806
1305031107.843332 0.0189205 -0.0247676 0.0164925 -0.00609317 0.00691533 -0.0162087 0.999826
1305031107.875358 0.0203278 -0.0252338 0.024062 -0.00635933 0.00806917 -0.0207457 0.999732
1305031107.911541 0.0237066 -0.0250408 0.0233477 -0.005265 0.0112866 -0.0230402 0.999657
1305031107.943122 0.0233423 -0.0235672 0.0350471 -0.00221588 0.015521 -0.0253326 0.999556
1305031107.975807 0.0373056 -0.0275862 0.034034 -0.00156201 0.0175377 -0.0227997 0.999585
1305031108.011320 0.0430909 -0.0228258 0.0377028 0.00435701 0.0230095 -0.0263834 0.999378
1305031108.043418 0.0634226 -0.0203841 0.0425246 0.00686479 0.0269731 -0.0217291 0.999376
1305031108.075352 0.0710126 -0.0224231 0.0474264 0.00734393 0.0370619 -0.0165021 0.99915
1305031108.111378 0.0750372 -0.0226866 0.0527561 0.0100592 0.0443833 -0.0168866 0.998821
1305031108.143334 0.0796868 -0.0213641 0.0615954 0.0125081 0.049284 -0.0177229 0.998549
1305031108.176058 0.0882914 -0.0181626 0.0609538 0.0108938 0.053555 -0.0155311 0.998385
1305031108.211475 0.0964974 -0.0185018 0.0688582 0.00586962 0.0558487 -0.0159016 0.998295
1305031108.243347 0.119094 -0.0265726 0.0680653 0.00298642 0.0561784 -0.0172932 0.998267
1305031108.275358 0.122715 -0.0215875 0.0752434 0.00447916 0.0625054 -0.0186702 0.99786
1305031108.311332 0.134035 -0.0167966 0.0749644 0.00149044 0.0639921 -0.0168561 0.997807
1305031108.343278 0.147776 -0.0129738 0.0784682 -0.00315964 0.0617519 -0.0146207 0.997979
1305031108.375410 0.153572 -0.0108399 0.0838834 -0.00821439 0.0607149 -0.0091464 0.998079
1305031108.411361 0.169145 -0.0144137 0.0856559 -0.0144205 0.0556292 -0.00364276 0.998341
1305031108.443610 0.17695 -0.0119081 0.0911211 -0.0181735 0.0559066 0.00285532 0.998267
1305031108.475471 0.197047 -0.0138108 0.0971222 -0.0213724 0.0528868 0.0101454 0.99832
1305031108.511378 0.218906 -0.026116 0.0848268 -0.024941 0.0531717 0.0146748 0.998166
1305031108.543737 0.22549 -0.0289803 0.0878432 -0.0213665 0.062542 0.0137664 0.997719
1305031108.575414 0.236858 -0.0207012 0.0904975 -0.0155399 0.067109 0.0112106 0.997562
1305031108.611407 0.250369 -0.0201586 0.0931389 -0.0158767 0.0728594 0.0121626 0.997142
1305031108.643303 0.240621 -0.0255624 0.103207 -0.0183538 0.0853908 0.00804632 0.996146
1305031108.675375 0.269302 -0.0148895 0.0993563 -0.0177341 0.0850488 0.0158096 0.996093
1305031108.711411 0.274783 -0.0167509 0.104766 -0.0224076 0.094444 0.0199006 0.995079
1305031108.743502 0.275464 -0.0209414 0.107952 -0.0251969 0.10187 0.0201294 0.994275
1305031108.775493 0.283527 -0.0200176 0.103096 -0.0262147 0.105204 0.0220253 0.993861
1305031108.811244 0.282055 -0.019851 0.108939 -0.0277925 0.110951 0.0257656 0.993103
1305031108.843264 0.285007 -0.0214137 0.108422 -0.0269271 0.111251 0.0320309 0.992911
1305031108.876515 0.28428 -0.0220376 0.106621 -0.0249224 0.108998 0.0380935 0.992999
1305031108.911364 0.287154 -0.0255726 0.104965 -0.022816 0.104818 0.0437145 0.993268
1305031108.943243 0.28441 -0.0272175 0.0967357 -0.0180637 0.1011 0.0460207 0.993647
1305031108.975268 0.276381 -0.0236523 0.0975292 -0.013291 0.0968422 0.0425285 0.994302
1305031109.011269 0.278488 -0.0210271 0.096915 -0.0131766 0.0915331 0.0410191 0.99487
1305031109.043277 0.274377 -0.0221738 0.0925003 -0.0123073 0.0898798 0.0401429 0.995067
1305031109.075410 0.268811 -0.0161164 0.0908018 -0.0120059 0.0866697 0.0349712 0.995551
1305031109.111282 0.263554 -0.0185303 0.0930645 -0.0166405 0.084785 0.0323315 0.995736
1305031109.143334 0.253358 -0.0214495 0.0790165 -0.0188054 0.0812808 0.0297356 0.99607
1305031109.175464 0.249028 -0.0151803 0.0710375 -0.0172031 0.0722083 0.0279244 0.99685
1305031109.211379 0.233736 -0.0129704 0.0733956 -0.0223941 0.0690617 0.0273037 0.996987
1305031109.243290 0.226662 -0.0152697 0.068231 -0.0319734 0.064718 0.0326146 0.996858
1305031109.275308 0.220163 -0.013445 0.100072 -0.0320477 0.0615464 0.0392491 0.996817
1305031109.311329 0.204496 -0.0197479 0.0621035 -0.0327246 0.0506773 0.0401471 0.997371
1305031109.343248 0.187981 -0.0176722 0.0583092 -0.0357572 0.0418968 0.0386821 0.997732
1305031109.375397 0.182832 -0.0166167 0.0602332 -0.0377041 0.0305603 0.0389761 0.998061
1305031109.411329 0.171439 -0.0137918 0.0682231 -0.0373392 0.0229519 0.0366623 0.998366
1305031109.443302 0.163216 -0.0111027 0.0647095 -0.0402186 0.0161171 0.0311065 0.998577
1305031109.475363 0.151153 -0.00663354 0.0864182 -0.0404317 0.0134398 0.0304441 0.998628
1305031109.511273 0.133495 -0.00651224 0.0869516 -0.040302 0.0125719 0.0248632 0.998799
1305031109.543294 0.125571 -0.00466137 0.0844723 -0.0369379 0.00903623 0.0223588 0.999027
1305031109.575362 0.133827 -0.0125578 0.0828676 -0.0411693 -5.87125e-05 0.0241471 0.99886
1305031109.611310 0.0973369 -0.00257915 0.0790775 -0.0364793 0.00712151 0.0196012 0.999117
1305031109.643229 0.0830809 -0.00111408 0.0749666 -0.0366825 0.00712566 0.0188494 0.999124
1305031109.675263 0.0731929 0.000983639 0.0732218 -0.0386147 0.00525229 0.0208088 0.999024
1305031109.711312 0.0572049 0.00128373 0.0671919 -0.0417307 0.00299881 0.0197932 0.998928
1305031109.743274 0.0486602 0.000584602 0.0694947 -0.0467589 -0.00173772 0.0189196 0.998726
1305031109.775277 0.0378191 -0.000106376 0.0703632 -0.050067 -0.00419893 0.0192287 0.998552
1305031109.811371 0.0268875 0.00352575 0.0727808 -0.0518728 -0.00628643 0.0204032 0.998425
1305031109.843296 0.00624047 0.00255156 0.0692869 -0.055318 -0.00611844 0.0177498 0.998292
1305031109.875306 -0.00752459 0.00392849 0.0747052 -0.0591228 -0.0103557 0.0168736 0.998054
1305031109.911265 -0.0189997 0.000414094 0.0773653 -0.061045 -0.0168782 0.0116033 0.997925
1305031109.943299 -0.0284299 0.00628708 0.0763523 -0.0618939 -0.0209917 0.00853158 0.997825
1305031109.975258 -0.0434442 0.00593645 0.0804075 -0.0663469 -0.0226991 0.00385672 0.997531
1305031110.011256 -0.0593748 0.00884598 0.0869125 -0.0679729 -0.0252528 -0.00350069 0.997361
1305031110.043299 -0.0651937 0.0074819 0.0902644 -0.0713322 -0.0288351 -0.00910427 0.996994
1305031110.075319 -0.0836096 0.00952291 0.0909432 -0.0729662 -0.0272873 -0.0153071 0.996844
1305031110.111325 -0.101071 0.0102814 0.0933413 -0.0774527 -0.0276086 -0.020347 0.996406
1305031110.143432 -0.114025 0.00469699 0.0978744 -0.0804612 -0.0315174 -0.0240391 0.995969
1305031110.175641 -0.122933 0.0130666 0.098645 -0.07975 -0.036141 -0.0252916 0.995838
1305031110.211637 -0.133284 0.0113131 0.105479 -0.0840271 -0.0400484 -0.0271564 0.995288
1305031110.243323 -0.152273 0.00460595 0.100879 -0.0865755 -0.0415182 -0.0271621 0.995009
1305031110.279321 -0.157651 -0.00320984 0.0987131 -0.0876396 -0.0467515 -0.0276007 0.994672
1305031110.311404 -0.170033 -0.00337474 0.0969936 -0.0851357 -0.0496914 -0.0290312 0.994706
1305031110.343355 -0.183827 0.00077251 0.0959872 -0.0830563 -0.0534692 -0.0298207 0.994662
1305031110.379281 -0.193787 0.00219258 0.0990809 -0.0817074 -0.0598714 -0.0331932 0.994303
1305031110.411469 -0.209651 0.0123429 0.0940494 -0.0785758 -0.0648837 -0.0356586 0.994155
1305031110.443260 -0.217481 0.0137514 0.0972542 -0.082845 -0.072267 -0.0392822 0.993162
1305031110.479331 -0.228693 0.0115073 0.101414 -0.0862425 -0.0795687 -0.0443741 0.9921
1305031110.511429 -0.244936 0.0112079 0.0981181 -0.0871851 -0.0857943 -0.0481683 0.991321
1305031110.543408 -0.247783 0.0197558 0.100747 -0.086291 -0.0945269 -0.051431 0.990441
1305031110.579426 -0.253985 0.0247075 0.101993 -0.0896099 -0.102328 -0.0551188 0.989172
1305031110.611307 -0.264278 0.0172683 0.104275 -0.0962826 -0.105833 -0.0592027 0.987939
1305031110.643418 -0.273769 0.0141536 0.105272 -0.0957818 -0.108094 -0.0617067 0.98759
1305031110.679606 -0.279124 0.0239472 0.101728 -0.0928083 -0.111027 -0.0636396 0.987426
1305031110.711412 -0.283695 0.0209443 0.105205 -0.097433 -0.114056 -0.0651519 0.986536
1305031110.743249 -0.292169 0.0234767 0.105858 -0.0964783 -0.114331 -0.0658168 0.986554
1305031110.779193 -0.290878 0.0211101 0.105681 -0.0977254 -0.118222 -0.0664083 0.985933
1305031110.811386 -0.292971 0.019739 0.103307 -0.0990892 -0.118742 -0.067781 0.985641
1305031110.843218 -0.297596 0.0250871 0.108643 -0.0986504 -0.120154 -0.0706994 0.985308
1305031110.879313 -0.290144 0.0202198 0.108639 -0.100458 -0.125634 -0.069353 0.984538
1305031110.911333 -0.293942 0.020205 0.10528 -0.101225 -0.124718 -0.0696445 0.984555
1305031110.943862 -0.282646 0.026645 0.113625 -0.0989616 -0.131016 -0.0701923 0.983928
1305031110.979345 -0.274856 0.0248611 0.104958 -0.099762 -0.129695 -0.0717418 0.98391
1305031111.011431 -0.264358 0.0133848 0.10471 -0.105324 -0.126596 -0.0714526 0.983755
1305031111.043327 -0.262154 0.0231408 0.109529 -0.10106 -0.119397 -0.0688782 0.985285
1305031111.079283 -0.262908 0.0265288 0.105574 -0.102208 -0.113559 -0.0668468 0.985997
1305031111.111508 -0.245564 0.0226478 0.112778 -0.104583 -0.114836 -0.064103 0.985782
1305031111.143257 -0.236091 0.0170224 0.11143 -0.104551 -0.112392 -0.06276 0.986153
1305031111.179326 -0.220145 0.0166175 0.113686 -0.101928 -0.110389 -0.0639544 0.986577
1305031111.211433 -0.212004 0.0172263 0.110388 -0.100112 -0.100839 -0.0597997 0.988045
1305031111.243236 -0.211673 0.0103698 0.105934 -0.101706 -0.094351 -0.0607089 0.988468
1305031111.279308 -0.187931 0.0010321 0.105615 -0.100166 -0.09683 -0.0580066 0.988547
1305031111.311547 -0.186859 0.0160709 0.105832 -0.0917162 -0.0885238 -0.0546205 0.990337
1305031111.343397 -0.184226 0.0162395 0.103327 -0.0953261 -0.0884239 -0.0545268 0.990011
1305031111.379134 -0.163927 0.00487973 0.111835 -0.0979856 -0.0939528 -0.0510197 0.989428
1305031111.411296 -0.161883 0.0103597 0.105616 -0.0913227 -0.0909245 -0.050398 0.99038
1305031111.443386 -0.144633 0.0112358 0.112213 -0.09113 -0.0982427 -0.0545847 0.989477
1305031111.479259 -0.103156 0.0113715 0.12663 -0.0867508 -0.10143 -0.0552259 0.989513
1305031111.511264 -0.101817 0.00141899 0.111412 -0.0857999 -0.0849518 -0.0549555 0.991162
1305031111.543250 -0.0831395 0.00155373 0.117991 -0.081327 -0.0805063 -0.0536609 0.99198
1305031111.579237 -0.0719907 0.0103476 0.11642 -0.0746431 -0.0700151 -0.0463857 0.993667
1305031111.611271 -0.0709748 0.00765713 0.112681 -0.0764584 -0.0614677 -0.0411192 0.994326
1305031111.643395 -0.0451144 -0.00114203 0.119945 -0.0753782 -0.0664589 -0.0337307 0.994366
1305031111.679320 -0.0222835 0.00692555 0.119093 -0.068146 -0.061554 -0.0241767 0.995481
1305031111.711760 -0.00839236 0.00807658 0.124039 -0.0669149 -0.0534804 -0.0242402 0.996029
1305031111.743386 -0.0831395 0.00155373 0.117991 -0.081327 -0.0805063 -0.0536609 0.99198
1305031111.779423 -0.0831395 0.00155373 0.117991 -0.081327 -0.0805063 -0.0536609 0.99198
1305031111.811406 0.0441479 0.00672552 0.134262 -0.0565795 -0.0139244 -0.0151432 0.998186
1305031111.843299 0.048558 0.00514319 0.124678 -0.0534207 -0.000435002 -0.0142432 0.99847
1305031111.879442 0.0489542 0.0133133 0.12899 -0.051014 0.009839 -0.0109898 0.998589
1305031111.911354 0.0473073 0.0100778 0.127621 -0.0507022 0.0145423 -0.00489334 0.998596
1305031111.943300 0.0575341 0.0114191 0.127166 -0.0475978 0.0120159 0.00138526 0.998793
1305031111.979449 0.0819624 0.0185324 0.137651 -0.0438517 0.00896358 0.00770881 0.998968
1305031112.011433 0.0959677 0.00576556 0.132393 -0.0450508 0.0170959 0.00188981 0.998837
1305031112.043270 0.115186 0.0348583 0.149782 -0.0303812 0.0196831 0.00349474 0.999338
1305031112.079339 0.122941 0.0366646 0.147802 -0.0270894 0.0339062 0.00228817 0.999055
1305031112.111423 0.119055 0.0319381 0.149677 -0.0265935 0.0478951 -0.0016034 0.998497
1305031112.144342 0.154922 0.0363017 0.146975 -0.0242675 0.0435418 -0.00828883 0.998722
1305031112.179390 0.163035 0.0372286 0.142509 -0.0258066 0.058695 -0.0110323 0.997881
1305031112.211254 0.159479 0.0338498 0.143558 -0.0261991 0.0750432 -0.0161455 0.996705
1305031112.243369 0.174948 0.0273718 0.141633 -0.0217427 0.0820475 -0.0212121 0.996165
1305031112.279353 0.173487 0.032083 0.141133 -0.014145 0.0927833 -0.0242577 0.99529
1305031112.311312 0.175353 0.031499 0.142432 -0.00730903 0.0988187 -0.0263825 0.994729
1305031112.343323 0.178353 0.0304927 0.144979 -0.00079112 0.101823 -0.025945 0.994464
1305031112.379360 0.176835 0.0257879 0.148519 0.00124392 0.104572 -0.0249958 0.994202
1305031112.411442 0.211523 0.0334401 0.136293 0.00731197 0.0936842 -0.0175901 0.99542
1305031112.443391 0.217102 0.0290632 0.141058 0.00811635 0.0945915 -0.0125025 0.995405
1305031112.479418 0.213894 0.0281701 0.141952 0.0104116 0.0974219 -0.00549933 0.995174
1305031112.511504 0.215743 0.0244202 0.148742 0.00968621 0.0982771 -0.0039449 0.995104
1305031112.543212 0.25701 0.0289667 0.130032 0.0168232 0.0813846 0.00953099 0.996495
1305031112.579252 0.266608 0.0292291 0.128636 0.0191344 0.0776607 0.0153483 0.996678
1305031112.611261 0.228929 0.00654597 0.174662 0.00178229 0.105005 -0.0176996 0.994313
1305031112.643246 0.105654 0.0307306 0.188946 0.017245 0.161792 0.0258923 0.986334
1305031112.679952 0.106946 0.0282576 0.190194 0.0151575 0.168866 0.0299544 0.985067
1305031112.711251 0.106336 0.0291352 0.190813 0.0132984 0.174463 0.0314713 0.984071
1305031112.743245 0.10532 0.0336408 0.186965 0.00988032 0.17868 0.0342506 0.983261
1305031112.779310 0.103955 0.0284209 0.192385 0.000599176 0.183976 0.038434 0.982179
1305031112.811310 0.11163 0.0265413 0.20915 0.000966898 0.183203 0.0411202 0.982214
1305031112.843286 0.0948986 0.0339533 0.197154 -0.00180975 0.179073 0.0361666 0.983169
1305031112.879421 0.102254 0.0295807 0.184922 -0.00799223 0.172923 0.0378405 0.984176
1305031112.911411 0.098059 0.0303841 0.181547 -0.0103106 0.169002 0.0405124 0.984729
1305031112.943321 0.0955881 0.0357184 0.180776 -0.00964129 0.162072 0.0412976 0.985867
1305031112.979278 0.0915055 0.0382847 0.198732 -0.00932072 0.156095 0.0384452 0.98695
1305031113.011353 0.267557 0.0470908 0.134845 -0.0094211 0.0729286 0.037824 0.996575
1305031113.043231 0.224759 0.0362901 0.144773 -0.0185903 0.0841172 0.0325562 0.99575
1305031113.079251 0.218863 0.0346456 0.146644 -0.0185509 0.0815007 0.0296736 0.996059
1305031113.111316 0.216213 0.0385924 0.135878 -0.0146617 0.0714801 0.0254155 0.99701
1305031113.143306 0.212514 0.039836 0.132558 -0.0174255 0.0674677 0.0229433 0.997305
1305031113.179343 0.208221 0.0403439 0.128601 -0.0190698 0.0635772 0.0264816 0.997443
1305031113.211259 0.170159 0.0289792 0.136371 -0.0221128 0.0683572 0.0255197 0.997089
1305031113.243227 0.165063 0.0346427 0.133389 -0.0221037 0.0581048 0.0256464 0.997736
1305031113.279312 0.162755 0.0393541 0.135751 -0.0216197 0.0491859 0.031197 0.998068
1305031113.311452 0.183968 0.0350869 0.124378 -0.0174536 0.0259561 0.0341145 0.998928
1305031113.343252 0.20178 0.0393055 0.137706 -0.0124089 0.00234575 0.0303518 0.999459
1305031113.379312 0.193821 0.039695 0.13512 -0.0159345 -0.0091929 0.0279118 0.999441
1305031113.411625 0.188196 0.0382642 0.140806 -0.0152446 -0.0190027 0.0283971 0.9993
1305031113.443266 0.215887 0.0334927 0.139566 -0.016231 -0.0451692 0.0222498 0.9986
1305031113.479311 0.204609 0.0342923 0.140624 -0.0194729 -0.0536562 0.0168717 0.998227
1305031113.511523 0.204888 0.0272081 0.149307 -0.0272727 -0.0667255 0.0165862 0.997261
1305031113.543242 0.199214 0.0237484 0.144854 -0.0297299 -0.0749177 0.0126617 0.996666
1305031113.579301 0.165796 0.0372578 0.151515 -0.0233778 -0.0749771 0.00628342 0.996891
1305031113.611268 0.159847 0.035256 0.153531 -0.027148 -0.0809877 0.00235661 0.996343
1305031113.643222 0.156358 0.032067 0.160008 -0.032216 -0.0862023 0.00168504 0.995755
1305031113.679288 0.146673 0.0311474 0.159616 -0.033223 -0.0870148 -0.00212713 0.995651
1305031113.711931 0.154558 0.0236597 0.165681 -0.0376743 -0.0949832 -0.00237512 0.994763
1305031113.743590 0.118712 0.0347243 0.158314 -0.0295106 -0.0839319 -0.0146679 0.995926
1305031113.779320 0.115475 0.0310338 0.16109 -0.029979 -0.0854909 -0.017142 0.99574
1305031113.811237 0.111782 0.0225146 0.16086 -0.0345874 -0.088672 -0.0131957 0.995373
1305031113.843295 0.105555 0.0252561 0.158508 -0.0341601 -0.0885746 -0.0174515 0.995331
1305031113.879281 0.107036 0.0139566 0.150829 -0.0380504 -0.0913049 -0.0192656 0.994909
1305031113.911290 0.107506 0.00291853 0.149804 -0.0421947 -0.0976469 -0.0141967 0.994225
1305031113.943291 0.0523897 0.0386207 0.171067 -0.0216633 -0.0862651 -0.0246994 0.99573
1305031113.979293 0.0662028 0.0377972 0.198155 -0.0249428 -0.0987412 -0.0161424 0.99467
1305031114.011257 0.105319 -0.00247098 0.131228 -0.0361459 -0.103401 -0.0211115 0.993759
1305031114.043301 0.105555 0.0252561 0.158508 -0.0341601 -0.0885746 -0.0174515 0.995331
1305031114.079285 0.105555 0.0252561 0.158508 -0.0341601 -0.0885746 -0.0174515 0.995331
1305031114.111263 0.105555 0.0252561 0.158508 -0.0341601 -0.0885746 -0.0174515 0.995331
1305031114.143284 0.105555 0.0252561 0.158508 -0.0341601 -0.0885746 -0.0174515 0.995331
1305031114.179337 0.105555 0.0252561 0.158508 -0.0341601 -0.0885746 -0.0174515 0.995331
1305031114.211303 0.0621736 -0.00996178 0.0806419 -0.020338 -0.133421 -0.048283 0.989674
1305031114.243337 0.0565231 -0.0174166 0.0835191 -0.0259754 -0.139624 -0.048654 0.988667
1305031114.279390 0.0506153 -0.0260411 0.0707573 -0.0300863 -0.146811 -0.0477932 0.987551
1305031114.311429 0.0490667 -0.0264284 0.0682717 -0.0323552 -0.158212 -0.0460634 0.985799
1305031114.343331 0.0152483 0.00107786 0.0920066 -0.0200996 -0.159365 -0.0556135 0.985447
1305031114.379320 0.0468655 -0.0365598 0.0675034 -0.0375956 -0.172279 -0.0495477 0.983083
1305031114.411397 0.0427883 -0.0286609 0.0637501 -0.0317411 -0.174914 -0.0579333 0.982365
1305031114.443345 0.0435956 -0.0609687 0.0571426 -0.0482364 -0.184556 -0.0450563 0.980603
1305031114.479332 -0.0140834 0.0208371 0.123072 -0.00953413 -0.182084 -0.0669746 0.980953
1305031114.511266 -0.0149081 0.0257866 0.125284 -0.00831665 -0.192988 -0.0677794 0.978822
1305031114.543236 -0.0138372 0.0205437 0.126857 -0.0131338 -0.199956 -0.0673116 0.977402
1305031114.579237 -0.0155227 0.0172784 0.126911 -0.0158605 -0.202252 -0.0640751 0.977106
1305031114.611391 -0.0284901 0.0218939 0.122316 -0.0171063 -0.199964 -0.0617932 0.977703
1305031114.644136 -0.0396737 0.0240031 0.127195 -0.0212503 -0.201056 -0.0614587 0.977419
1305031114.679251 -0.0486094 0.0194059 0.12437 -0.0253443 -0.20575 -0.0623308 0.976289
1305031114.711306 -0.0479015 0.0161341 0.127513 -0.0268763 -0.212018 -0.062159 0.974917
1305031114.743200 -0.0497912 0.01592 0.128952 -0.0253238 -0.215139 -0.0653534 0.974065
1305031114.779289 -0.0467291 0.0121741 0.124347 -0.0243416 -0.217722 -0.0675001 0.97337
1305031114.811303 -0.0439126 0.0166496 0.122021 -0.0228649 -0.217793 -0.0686678 0.973308
1305031114.843208 -0.0448704 0.015675 0.121324 -0.0231001 -0.217497 -0.0700904 0.973267
1305031114.879281 -0.0247123 0.0198316 0.129885 -0.0219886 -0.224064 -0.0708292 0.971748
1305031114.912879 -0.0241238 0.0233591 0.130283 -0.0220906 -0.223787 -0.0700225 0.971868
1305031114.943234 -0.0118926 0.0250625 0.133547 -0.0243978 -0.226188 -0.0711753 0.971173
1305031114.979280 -0.0181684 0.0226066 0.125305 -0.0278934 -0.219036 -0.0729475 0.972586
1305031115.011300 -0.00817044 0.0262441 0.122293 -0.0312386 -0.218315 -0.0751427 0.972479
1305031115.043508 0.00711008 0.0204767 0.134178 -0.0369728 -0.219299 -0.0763074 0.971966
1305031115.079238 0.0104991 0.023089 0.133334 -0.0377699 -0.213763 -0.0776075 0.973065
1305031115.111230 0.0338996 0.0270011 0.15087 -0.0397576 -0.215179 -0.0759242 0.972807
1305031115.143275 0.050138 0.0257218 0.157176 -0.0415705 -0.208172 -0.0745748 0.974359
1305031115.179440 0.0315005 0.0170105 0.142321 -0.0469899 -0.194243 -0.0746859 0.976977
1305031115.211374 0.0496556 -0.00957691 0.122951 -0.0586796 -0.191816 -0.0707353 0.977118
1305031115.243297 0.0547241 -0.013423 0.120657 -0.0556796 -0.182614 -0.0671982 0.979304
1305031115.279966 0.0604179 -0.00575086 0.13004 -0.0512324 -0.17819 -0.0670328 0.980372
1305031115.311704 0.0658873 -0.00551779 0.13862 -0.0514645 -0.169933 -0.0609117 0.982224
1305031115.343235 0.0825548 0.00558289 0.154274 -0.044537 -0.164951 -0.0529504 0.983872
1305031115.379166 0.0678714 0.0106365 0.121055 -0.0432424 -0.143218 -0.0624167 0.986774
1305031115.411237 0.075133 0.0103809 0.133242 -0.0494325 -0.147339 -0.0614757 0.985935
1305031115.443159 0.105903 0.0115783 0.144206 -0.0525587 -0.155767 -0.0535889 0.984938
1305031115.479241 0.0750041 0.0240892 0.159509 -0.0518751 -0.13885 -0.0564422 0.987342
1305031115.511253 0.0678714 0.0106365 0.121055 -0.0432424 -0.143218 -0.0624167 0.986774
1305031115.543604 0.0678714 0.0106365 0.121055 -0.0432424 -0.143218 -0.0624167 0.986774
1305031115.579315 0.0678714 0.0106365 0.121055 -0.0432424 -0.143218 -0.0624167 0.986774
1305031115.611424 0.0678714 0.0106365 0.121055 -0.0432424 -0.143218 -0.0624167 0.986774
1305031115.643254 0.117226 0.0360578 0.233913 -0.0532821 -0.0952928 -0.0119937 0.99395
1305031115.679241 0.124844 0.0343247 0.22822 -0.0525847 -0.0885679 -0.00110374 0.994681
1305031115.711320 0.134524 0.041673 0.233544 -0.0490278 -0.08577 0.00435836 0.995098
1305031115.743250 0.158384 0.0429427 0.24576 -0.049051 -0.082568 0.0125794 0.995298
1305031115.779425 0.189564 0.0321408 0.240902 -0.051322 -0.0769353 0.0198829 0.995516
1305031115.811277 0.156195 0.0478682 0.246085 -0.044048 -0.0506467 0.0246875 0.997439
1305031115.843224 0.166642 0.0480958 0.246684 -0.0452357 -0.0383379 0.0287195 0.997827
1305031115.879198 0.171986 0.0470833 0.25327 -0.0448991 -0.0304158 0.0378157 0.997812
1305031115.911118 0.177375 0.0562324 0.256884 -0.0382198 -0.0242181 0.0418557 0.998099
1305031115.943311 0.191273 0.0515103 0.249427 -0.0410334 -0.0158337 0.0466369 0.997943
1305031115.980740 0.194442 0.0572495 0.255185 -0.0395169 -0.00618157 0.0511315 0.997891
1305031116.011379 0.206235 0.056501 0.255556 -0.0430978 0.00475228 0.0557414 0.997503
1305031116.043164 0.218475 0.0580917 0.260108 -0.0454634 0.016903 0.0574995 0.997167
1305031116.080030 0.236383 0.0355391 0.215745 -0.0597431 0.0332421 0.0593055 0.995896
1305031116.111300 0.236482 0.0386407 0.222066 -0.0649734 0.0481316 0.0633044 0.994713
1305031116.143441 0.244259 0.0394292 0.226221 -0.068552 0.057944 0.066584 0.993735
1305031116.179572 0.23833 0.0397857 0.228917 -0.0700901 0.071086 0.068351 0.992654
1305031116.211299 0.244938 0.0413301 0.232295 -0.0735585 0.0783931 0.0717795 0.99161
1305031116.243320 0.254303 0.03091 0.235775 -0.0806082 0.0858309 0.0751157 0.990198
1305031116.279385 0.277823 0.0393668 0.235434 -0.0763584 0.087818 0.076534 0.990252
1305031116.311336 0.281759 0.043641 0.23623 -0.0769445 0.0987439 0.0799956 0.988903
1305031116.343292 0.281898 0.0350412 0.237601 -0.081065 0.108765 0.0853776 0.987071
1305031116.379384 0.283842 0.0343877 0.238077 -0.0756254 0.113124 0.0854826 0.987004
1305031116.411333 0.288587 0.0540992 0.229014 -0.0620573 0.112088 0.0889419 0.987762
1305031116.443369 0.284333 0.0507011 0.228781 -0.0664788 0.117844 0.0980239 0.985944
1305031116.479850 0.293001 0.0440293 0.228661 -0.0697467 0.114804 0.102819 0.985588
1305031116.511205 0.293141 0.0422386 0.22484 -0.0687485 0.112723 0.10062 0.986125
1305031116.543262 0.280512 0.044386 0.221783 -0.0649609 0.116129 0.0956555 0.986481
1305031116.579313 0.272027 0.0472885 0.213885 -0.0643439 0.114486 0.0945813 0.986817
1305031116.611261 0.303765 0.0556158 0.208052 -0.0616171 0.0907253 0.0831491 0.990484
1305031116.643355 0.293044 0.0496535 0.202279 -0.0630203 0.0821362 0.0748644 0.991805
1305031116.679281 0.273848 0.0467101 0.200311 -0.06397 0.0775612 0.0662517 0.992725
1305031116.711634 0.267374 0.0384874 0.200826 -0.0677047 0.0707693 0.056538 0.993585
1305031116.743291 0.2546 0.0374364 0.195723 -0.0698093 0.0651092 0.0451064 0.994411
1305031116.779298 0.242753 0.034157 0.191215 -0.0737234 0.0592557 0.0347712 0.994909
1305031116.811318 0.244325 0.037273 0.183675 -0.0720605 0.047447 0.0278955 0.99588
1305031116.846089 0.230431 0.0350752 0.177554 -0.0715745 0.037577 0.0201411 0.996524
1305031116.880165 0.232094 0.030252 0.17155 -0.0751467 0.0181449 0.0137702 0.996912
1305031116.912044 0.198436 0.0216054 0.164938 -0.0789698 0.0155522 0.00971258 0.996708
1305031116.943296 0.196376 0.0174007 0.159915 -0.0822869 -0.00489593 0.00221386 0.996594
1305031116.979351 0.221132 0.0365422 0.168638 -0.0758314 -0.0386818 0.00549606 0.996355
1305031117.011382 0.225143 0.0314206 0.175734 -0.0791259 -0.0611214 0.0024112 0.994986
1305031117.043261 0.172141 0.0140711 0.143319 -0.0828608 -0.0510276 -0.0186808 0.995079
1305031117.079520 0.170322 0.013006 0.144628 -0.0863199 -0.06643 -0.0224289 0.993797
1305031117.111238 0.172584 0.0114419 0.144121 -0.0908354 -0.0846771 -0.0179283 0.992097
1305031117.143218 0.171923 0.0150102 0.141534 -0.0923784 -0.0986557 -0.0199923 0.990623
1305031117.179264 0.164296 0.014179 0.142205 -0.0959471 -0.107953 -0.0252682 0.989192
1305031117.211361 0.15688 0.0220412 0.141695 -0.0942648 -0.114208 -0.0278901 0.988581
1305031117.243277 0.15546 0.0257697 0.142321 -0.0965313 -0.117736 -0.030331 0.987877
1305031117.279299 0.154004 0.0248132 0.147909 -0.101359 -0.118456 -0.0350368 0.987151
1305031117.311200 0.152205 0.0224363 0.150751 -0.105332 -0.117419 -0.0365442 0.986804
1305031117.343243 0.151318 0.0176007 0.153716 -0.108643 -0.11882 -0.0359336 0.9863
1305031117.379454 0.150549 0.0162774 0.154975 -0.106887 -0.119213 -0.037116 0.9864
1305031117.411221 0.151756 0.0108563 0.158514 -0.107247 -0.122557 -0.0331397 0.986093
1305031117.443274 0.150958 0.0111892 0.157913 -0.102732 -0.123833 -0.0324091 0.986439
1305031117.479403 0.152874 0.0070458 0.164681 -0.100957 -0.12688 -0.0306562 0.986291
1305031117.511325 0.154261 0.00205005 0.168159 -0.0978345 -0.129829 -0.0272188 0.986323
1305031117.544285 0.137625 -0.0108031 0.149534 -0.0935223 -0.121583 -0.0320437 0.987646
1305031117.579155 0.138685 -0.0166544 0.152057 -0.0907789 -0.124428 -0.0325385 0.987531
1305031117.611159 0.13824 -0.0173758 0.155311 -0.0874045 -0.12663 -0.0315248 0.987589
1305031117.643252 0.134358 -0.0302365 0.153979 -0.0877494 -0.127075 -0.0308523 0.987522
1305031117.679262 0.135413 -0.0339509 0.156175 -0.086355 -0.130434 -0.0304805 0.987219
1305031117.711184 0.132001 -0.0439514 0.160419 -0.0874857 -0.132383 -0.0288321 0.986909
1305031117.743184 0.132151 -0.0454806 0.169853 -0.0849026 -0.135939 -0.0250537 0.986754
1305031117.779467 0.131535 -0.0482204 0.174647 -0.083217 -0.138954 -0.0222884 0.986544
1305031117.811320 0.132465 -0.0544536 0.189999 -0.0845722 -0.143918 -0.0177947 0.985809
1305031117.843291 0.136946 -0.0551332 0.202617 -0.0790497 -0.147346 -0.0173664 0.985768
1305031117.879451 0.135973 -0.0575949 0.208617 -0.0765138 -0.145325 -0.0152393 0.986303
1305031117.911407 0.129171 -0.0588216 0.204622 -0.0740004 -0.139968 -0.0113271 0.987322
1305031117.943253 0.130526 -0.0647663 0.218139 -0.0730373 -0.141138 -0.0100232 0.987241
1305031117.979228 0.128546 -0.0705852 0.215937 -0.0744736 -0.137998 -0.00968235 0.987581
1305031118.011228 0.123172 -0.0514004 0.208606 -0.0624194 -0.132979 -0.0161897 0.989019
1305031118.043521 0.122721 -0.052336 0.219237 -0.0585053 -0.132878 -0.0147123 0.989295
1305031118.079334 0.122934 -0.0703939 0.218936 -0.0615951 -0.131383 -0.0175933 0.98926
1305031118.111217 0.122911 -0.0791244 0.226384 -0.0605902 -0.127917 -0.0184785 0.98976
1305031118.143256 0.122055 -0.0827733 0.23244 -0.0571107 -0.123788 -0.0188092 0.990485
1305031118.179323 0.117789 -0.111596 0.230694 -0.0636374 -0.119061 -0.0225879 0.990588
1305031118.211202 0.110016 -0.127728 0.231208 -0.0623228 -0.113838 -0.023166 0.991272
1305031118.243173 0.10901 -0.124955 0.232265 -0.0555752 -0.114765 -0.0202228 0.991631
1305031118.279194 0.112112 -0.132522 0.239561 -0.0517652 -0.117034 -0.0182738 0.99161
1305031118.311299 0.10943 -0.138929 0.241754 -0.0443726 -0.116602 -0.0189191 0.992007
1305031118.343324 0.113146 -0.142219 0.247391 -0.0387679 -0.117454 -0.0184271 0.99215
1305031118.379208 0.109591 -0.147621 0.247607 -0.0340118 -0.11477 -0.0188906 0.99263
1305031118.411296 0.109767 -0.14558 0.251373 -0.0290154 -0.117444 -0.018296 0.992487
1305031118.445692 0.109253 -0.149668 0.254222 -0.0294467 -0.117405 -0.0149932 0.992534
1305031118.479285 0.109767 -0.158361 0.256069 -0.0311275 -0.118174 -0.0139102 0.992407
1305031118.511255 0.110781 -0.150472 0.256082 -0.0266871 -0.118506 -0.0116539 0.992526
1305031118.544414 0.110735 -0.14186 0.256497 -0.0257424 -0.117571 -0.0112286 0.992667
1305031118.579285 0.115135 -0.145627 0.259739 -0.0298124 -0.11837 -0.0123249 0.992445
1305031118.616142 0.115048 -0.13867 0.258918 -0.0286396 -0.115878 -0.0152972 0.992733
1305031118.645325 0.114497 -0.124026 0.257784 -0.0263166 -0.113475 -0.016886 0.993049
1305031118.679295 0.113391 -0.124885 0.254692 -0.0319842 -0.111547 -0.0197456 0.993048
1305031118.711421 0.111286 -0.121531 0.252209 -0.033137 -0.111084 -0.0239669 0.992969
1305031118.746770 0.108953 -0.112969 0.247081 -0.0311238 -0.112521 -0.022704 0.992902
1305031118.779277 0.111955 -0.0929222 0.242157 -0.0306007 -0.1169 -0.0220417 0.992427
1305031118.811221 0.113397 -0.0974678 0.237123 -0.0386695 -0.118544 -0.0261748 0.99185
1305031118.846753 0.117082 -0.0869809 0.238065 -0.0341761 -0.12017 -0.0238359 0.991879
1305031118.879208 0.122997 -0.0569608 0.228994 -0.0268552 -0.118835 -0.0259025 0.992213
1305031118.911177 0.123492 -0.0581026 0.227045 -0.0326976 -0.117842 -0.0282357 0.992092
1305031118.946974 0.122479 -0.0486729 0.219858 -0.0319761 -0.115522 -0.0302925 0.992328
1305031118.979374 0.123049 -0.0428692 0.20265 -0.0349218 -0.112833 -0.036409 0.992332
1305031119.011363 0.122381 -0.0392212 0.198104 -0.0410759 -0.112846 -0.0377155 0.992046
1305031119.047172 0.124806 -0.0514977 0.20132 -0.0504476 -0.115738 -0.0392767 0.99122
1305031119.079223 0.125155 -0.0396971 0.183448 -0.0498476 -0.115439 -0.0424293 0.991155
1305031119.111328 0.128091 -0.0472827 0.185472 -0.0559515 -0.12137 -0.042241 0.990129
1305031119.147616 0.127967 -0.0458201 0.174995 -0.0593874 -0.123908 -0.040988 0.989667
1305031119.179226 0.129392 -0.044808 0.169041 -0.0622199 -0.128168 -0.0416912 0.98892
1305031119.211364 0.130197 -0.0392061 0.157977 -0.0605848 -0.128879 -0.0419239 0.98892
1305031119.247399 0.130109 -0.0355166 0.146236 -0.0623675 -0.128633 -0.0410685 0.988877
1305031119.279212 0.131005 -0.0326819 0.138734 -0.0642593 -0.12919 -0.0427394 0.988612
1305031119.311212 0.132374 -0.0307984 0.132276 -0.0664738 -0.129134 -0.0421275 0.988499
1305031119.347741 0.130215 -0.0257584 0.123495 -0.0674623 -0.129401 -0.0397134 0.988497
1305031119.379239 0.138119 0.0186236 0.134507 -0.0566186 -0.136721 -0.0313927 0.988492
1305031119.411484 0.146626 0.0223167 0.137428 -0.060613 -0.140273 -0.029765 0.987807
1305031119.447706 0.147464 0.0279548 0.132317 -0.0628942 -0.137558 -0.029956 0.988041
1305031119.479267 0.144176 0.0457971 0.127546 -0.0581254 -0.134063 -0.0306221 0.988793
1305031119.511240 0.145625 0.0505649 0.126333 -0.0627125 -0.133945 -0.0294426 0.988564
1305031119.547382 0.1416 0.0716131 0.120169 -0.0585676 -0.131651 -0.0302819 0.989101
1305031119.579559 0.144733 0.0842089 0.117923 -0.0606256 -0.131383 -0.0298269 0.989026
1305031119.615017 0.143169 0.0910463 0.113745 -0.0655765 -0.128586 -0.0305557 0.989056
1305031119.647903 0.143051 0.108141 0.113232 -0.066383 -0.128424 -0.028138 0.989095
1305031119.679208 0.148897 0.123433 0.115358 -0.0693855 -0.128809 -0.0297996 0.98879
1305031119.715232 0.147061 0.123813 0.114976 -0.079368 -0.123557 -0.0280229 0.988761
1305031119.747193 0.142224 0.134319 0.109782 -0.0823946 -0.119919 -0.0241694 0.989063
1305031119.779169 0.141138 0.139004 0.106391 -0.0869569 -0.120767 -0.0238908 0.988576
1305031119.814537 0.146458 0.145938 0.105817 -0.0906212 -0.12368 -0.0191182 0.987991
1305031119.847429 0.145169 0.15772 0.107038 -0.0929054 -0.122432 -0.0145033 0.988012
1305031119.879214 0.146897 0.161791 0.10685 -0.0952141 -0.121508 -0.0136282 0.987919
1305031119.911401 0.145492 0.174028 0.10097 -0.0936093 -0.11844 -0.0141132 0.988438
1305031119.947392 0.146042 0.180203 0.0998967 -0.0989048 -0.116905 -0.0141183 0.988105
1305031119.979537 0.147949 0.18242 0.0993703 -0.102758 -0.114392 -0.0160829 0.987976
1305031120.015264 0.143381 0.190797 0.0926934 -0.106114 -0.108272 -0.01675 0.9883
1305031120.047290 0.139185 0.188918 0.0915548 -0.1161 -0.106069 -0.015276 0.98744
1305031120.079418 0.140974 0.193063 0.0918757 -0.116369 -0.109348 -0.0120697 0.987094
1305031120.115232 0.138568 0.193455 0.0892832 -0.118554 -0.110288 -0.0113321 0.986739
1305031120.148157 0.143082 0.188392 0.0924059 -0.122222 -0.113087 -0.010683 0.985981
1305031120.179246 0.145113 0.186233 0.0982643 -0.121341 -0.114392 -0.00666726 0.985975
1305031120.215249 0.144267 0.177354 0.0980889 -0.119088 -0.113942 -0.00663936 0.986302
1305031120.248003 0.145058 0.174495 0.0975621 -0.114385 -0.114155 -0.00807417 0.986823
1305031120.279430 0.14803 0.163314 0.100405 -0.113283 -0.114789 -0.00966084 0.986862
1305031120.315196 0.146777 0.164073 0.100901 -0.106998 -0.114 -0.0104799 0.987647
1305031120.347787 0.145448 0.155746 0.105969 -0.103145 -0.113651 -0.0123822 0.988075
1305031120.379437 0.144747 0.148257 0.107599 -0.10076 -0.113463 -0.0124088 0.988342
1305031120.415445 0.144245 0.129879 0.115 -0.0968902 -0.114409 -0.0127633 0.988615
1305031120.447417 0.141922 0.13064 0.118982 -0.0860634 -0.114691 -0.0112634 0.989602
1305031120.479432 0.144396 0.115037 0.122763 -0.0853647 -0.116431 -0.0113434 0.989458
1305031120.514819 0.140917 0.105443 0.126653 -0.0782176 -0.117256 -0.00828523 0.989982
1305031120.547736 0.140594 0.0970872 0.129927 -0.0714716 -0.120379 -0.00575195 0.990135
1305031120.579551 0.13851 0.0900883 0.132336 -0.0682809 -0.123666 -0.00188559 0.98997
1305031120.615236 0.140269 0.0803247 0.138398 -0.0651853 -0.128907 0.00127398 0.989511
1305031120.647354 0.143917 0.0693686 0.149515 -0.0614635 -0.134413 0.00329688 0.989012
1305031120.679318 0.142275 0.0651712 0.150233 -0.0567968 -0.134761 0.00300308 0.989244
1305031120.714522 0.139138 0.0565102 0.152403 -0.0541292 -0.133947 0.00282064 0.989505
1305031120.747369 0.138269 0.0468806 0.15788 -0.0530973 -0.136509 0.00338846 0.989209
1305031120.779894 0.139303 0.0394321 0.162286 -0.0494194 -0.138947 0.00327651 0.989061
1305031120.814944 0.139295 0.0293961 0.164693 -0.0473639 -0.139346 0.00239669 0.989107
1305031120.847921 0.138283 0.0171801 0.168209 -0.0488246 -0.140226 -0.000403638 0.988915
1305031120.883435 0.138586 0.00327513 0.177606 -0.0477715 -0.141161 -0.00261766 0.98883
1305031120.915444 0.13532 -0.00174388 0.172508 -0.0445066 -0.137309 -0.0053292 0.989514
1305031120.947488 0.134305 -0.00970277 0.174609 -0.043913 -0.136838 -0.00694168 0.989595
1305031120.983366 0.130395 -0.0215104 0.177196 -0.0441768 -0.135886 -0.00939617 0.989694
1305031121.015019 0.131218 -0.0299119 0.181725 -0.0423501 -0.137472 -0.0101813 0.989547
1305031121.047498 0.129625 -0.0354652 0.183572 -0.0408629 -0.136969 -0.0110884 0.98967
1305031121.083099 0.127326 -0.0534886 0.186722 -0.0429953 -0.137738 -0.0125636 0.989455
1305031121.114696 0.127876 -0.0576384 0.18824 -0.0392094 -0.139639 -0.0111613 0.989363
1305031121.147331 0.126034 -0.0592003 0.189228 -0.0356408 -0.13988 -0.0102828 0.989473
1305031121.183271 0.127131 -0.0753706 0.191685 -0.0363004 -0.141856 -0.0115281 0.989154
1305031121.211420 0.133582 -0.0869415 0.202589 -0.0354248 -0.145318 -0.0102062 0.988698
1305031121.247194 0.126463 -0.087005 0.196556 -0.0305152 -0.140628 -0.0107922 0.989533
1305031121.282876 0.123383 -0.0953713 0.197703 -0.0310333 -0.141019 -0.00983132 0.989472
1305031121.313568 0.125244 -0.105526 0.205415 -0.0289351 -0.14269 -0.00786649 0.989313
1305031121.347517 0.121949 -0.113349 0.2045 -0.0273548 -0.142631 -0.00671031 0.989375
1305031121.383226 0.126433 -0.130758 0.213246 -0.0288693 -0.146475 -0.00614257 0.988774
1305031121.414318 0.125282 -0.134607 0.214697 -0.0228228 -0.145301 -0.00654323 0.989103
1305031121.447319 0.128637 -0.144239 0.223491 -0.0230095 -0.147229 -0.00367368 0.988828
1305031121.482964 0.125373 -0.146978 0.223482 -0.0190092 -0.143658 -0.00226843 0.989442
1305031121.514107 0.118648 -0.178131 0.223557 -0.0241504 -0.139546 -0.00404476 0.989913
1305031121.547270 0.122026 -0.170289 0.227925 -0.0200858 -0.141557 -0.00295536 0.989722
1305031121.583204 0.126352 -0.188297 0.235977 -0.0259587 -0.142479 -0.00273533 0.989454
1305031121.614700 0.126969 -0.195269 0.239453 -0.0243284 -0.141209 -0.0033843 0.989675
1305031121.647183 0.125514 -0.197708 0.24032 -0.0218232 -0.136416 -0.00657758 0.990389
1305031121.683200 0.123132 -0.204724 0.244208 -0.0246907 -0.132516 -0.00648304 0.990852
1305031121.714520 0.119209 -0.210175 0.2431 -0.0245789 -0.1305 -0.00623768 0.991124
1305031121.747145 0.118442 -0.216059 0.24631 -0.0266777 -0.130386 -0.00630443 0.991084
1305031121.782835 0.118865 -0.23025 0.25221 -0.0314426 -0.130682 -0.0049509 0.990913
1305031121.811540 0.120365 -0.230132 0.255052 -0.0313167 -0.129957 -0.0025817 0.991022
1305031121.847335 0.118045 -0.231213 0.253746 -0.032812 -0.127153 0.000188959 0.99134
1305031121.882060 0.113694 -0.237348 0.253694 -0.036888 -0.125395 0.00536744 0.991406
1305031121.914931 0.114589 -0.232487 0.253125 -0.0371088 -0.127507 0.00821017 0.991109
1305031121.947288 0.119512 -0.230853 0.258236 -0.0366128 -0.131815 0.00862812 0.99056
1305031121.982926 0.121464 -0.227139 0.25885 -0.0362611 -0.131972 0.0084929 0.990554
1305031122.014256 0.119408 -0.227198 0.25502 -0.0374592 -0.130959 0.00524404 0.990666
1305031122.047306 0.11964 -0.219824 0.252003 -0.034914 -0.132235 0.00194925 0.990601
1305031122.082959 0.120792 -0.207973 0.251357 -0.0319462 -0.133267 -0.00122738 0.990564
1305031122.114672 0.120562 -0.197964 0.246462 -0.0296732 -0.132969 -0.00479082 0.990664
1305031122.150725 0.122011 -0.194205 0.243849 -0.0312062 -0.133505 -0.0106876 0.990499
1305031122.183042 0.122624 -0.182317 0.240102 -0.0278117 -0.132317 -0.0160662 0.990687
1305031122.214959 0.122302 -0.167125 0.227653 -0.0290941 -0.129345 -0.0222047 0.990924
1305031122.251319 0.123116 -0.159172 0.233401 -0.0349898 -0.130196 -0.0248436 0.990559
1305031122.283560 0.118519 -0.144411 0.222289 -0.0331799 -0.128443 -0.0283082 0.990757
1305031122.314289 0.120068 -0.124577 0.219023 -0.0374656 -0.131657 -0.0319621 0.990071
1305031122.351327 0.121197 -0.12114 0.211273 -0.0452341 -0.133497 -0.0349729 0.989399
1305031122.382630 0.119655 -0.106837 0.20329 -0.0490037 -0.134669 -0.0355537 0.989039
1305031122.414997 0.112096 -0.097342 0.192818 -0.0514648 -0.134899 -0.0383259 0.988779
1305031122.451257 0.122522 -0.109286 0.195906 -0.0613129 -0.144275 -0.0374153 0.986927
1305031122.483360 0.122739 -0.0962455 0.187561 -0.063654 -0.148632 -0.036051 0.986183
1305031122.515097 0.116637 -0.0678267 0.178729 -0.0573823 -0.149067 -0.0379404 0.986431
1305031122.551490 0.123877 -0.0654339 0.180347 -0.0606531 -0.152896 -0.0408197 0.985534
1305031122.583208 0.119641 -0.0480188 0.166234 -0.0590852 -0.148283 -0.0425784 0.98626
1305031122.614980 0.115637 -0.0431291 0.164314 -0.0610752 -0.147415 -0.0418065 0.986302
1305031122.648788 0.11501 -0.0383893 0.151435 -0.0602206 -0.147257 -0.0445343 0.986258
1305031122.683402 0.118102 -0.0222162 0.152607 -0.0582498 -0.150205 -0.0411782 0.986078
1305031122.715208 0.111976 -0.0152901 0.145313 -0.0590195 -0.150294 -0.0385494 0.986125
1305031122.751298 0.115314 -0.000648529 0.140697 -0.0573463 -0.153668 -0.0377469 0.985735
1305031122.783423 0.113816 0.0251947 0.139428 -0.0553249 -0.153451 -0.0376672 0.985887
1305031122.812555 0.127652 0.0332341 0.140369 -0.060817 -0.157464 -0.0370131 0.984955
1305031122.851418 0.131975 0.0428957 0.14101 -0.0624459 -0.155071 -0.0398214 0.985123
1305031122.883754 0.129086 0.051803 0.13592 -0.0661931 -0.147232 -0.0396529 0.986088
1305031122.914571 0.127458 0.0577927 0.132054 -0.0703929 -0.144147 -0.0381314 0.986313
1305031122.951341 0.128337 0.0655409 0.131404 -0.0716914 -0.143952 -0.0369457 0.986293
1305031122.982815 0.12347 0.0758592 0.121974 -0.0723297 -0.141027 -0.034779 0.986747
1305031123.015450 0.126731 0.0796507 0.122154 -0.0769247 -0.143672 -0.0309001 0.986147
1305031123.051827 0.131937 0.0876309 0.124726 -0.0766909 -0.14571 -0.0280351 0.985952
1305031123.082975 0.129439 0.0984568 0.118334 -0.0755518 -0.143215 -0.0271124 0.986431
1305031123.113873 0.130503 0.107648 0.116072 -0.0790872 -0.142248 -0.0253782 0.98634
1305031123.150822 0.128629 0.115493 0.11229 -0.0815915 -0.140332 -0.0260656 0.986393
1305031123.182155 0.132955 0.126137 0.114927 -0.0837964 -0.140471 -0.0260489 0.986188
1305031123.214704 0.134718 0.146835 0.116932 -0.0841242 -0.136635 -0.0246908 0.986734
1305031123.250618 0.132033 0.134613 0.107247 -0.098233 -0.130213 -0.0330274 0.986055
1305031123.282347 0.133855 0.139316 0.108837 -0.109388 -0.127691 -0.0316207 0.985256
1305031123.311327 0.133419 0.143528 0.109452 -0.117532 -0.123144 -0.0311329 0.984912
1305031123.350481 0.137853 0.14795 0.11199 -0.12503 -0.120884 -0.0301621 0.984299
1305031123.382255 0.136842 0.150559 0.109475 -0.131666 -0.114861 -0.0295906 0.984172
1305031123.411363 0.137327 0.171975 0.110635 -0.130032 -0.110699 -0.0237804 0.985024
1305031123.451255 0.134752 0.174695 0.104063 -0.13351 -0.105554 -0.0267296 0.985048
1305031123.483594 0.135445 0.185001 0.098094 -0.135988 -0.10251 -0.0238567 0.985104
1305031123.511360 0.139392 0.205845 0.10182 -0.134939 -0.103453 -0.0159056 0.98531
1305031123.551513 0.140312 0.209608 0.0988585 -0.13845 -0.103084 -0.0147274 0.98488
1305031123.579583 0.142898 0.213672 0.09989 -0.142699 -0.103554 -0.0116815 0.984265
1305031123.611335 0.144569 0.224166 0.0955272 -0.142263 -0.101579 -0.0112881 0.984538
1305031123.652411 0.144785 0.226663 0.0960627 -0.148148 -0.0989097 -0.0139727 0.983907
1305031123.683753 0.144257 0.235492 0.0933005 -0.1501 -0.0939752 -0.0153517 0.984075
1305031123.711323 0.14442 0.233049 0.0937586 -0.159195 -0.0898554 -0.0143912 0.983044
1305031123.751723 0.144992 0.237713 0.090705 -0.162177 -0.0874701 -0.0125038 0.982798
1305031123.783858 0.143152 0.236781 0.0870502 -0.165507 -0.0861624 -0.0117045 0.982368
1305031123.811608 0.145998 0.238732 0.0887877 -0.166499 -0.0879324 -0.0110008 0.982051
1305031123.851444 0.147051 0.239597 0.0906119 -0.168223 -0.0890087 -0.00746801 0.981694
1305031123.883786 0.146198 0.231109 0.087584 -0.171245 -0.0891673 -0.00734471 0.981158
1305031123.911243 0.150508 0.231403 0.0919456 -0.16748 -0.0936261 -0.00700817 0.981395
1305031123.951442 0.146512 0.235087 0.0894403 -0.164675 -0.0919908 -0.00574643 0.982032
1305031123.983415 0.148286 0.224016 0.0952841 -0.170751 -0.0959386 -0.00174149 0.980631
1305031124.011302 0.148017 0.216719 0.0985597 -0.165763 -0.100462 -0.00268856 0.981032
1305031124.051505 0.149284 0.221293 0.0982951 -0.157512 -0.10442 0.00107197 0.98198
1305031124.083837 0.149759 0.214989 0.103329 -0.156938 -0.108085 0.00294406 0.981672
1305031124.111331 0.149376 0.203303 0.109519 -0.152254 -0.111754 0.00258725 0.981999
1305031124.147446 0.148204 0.206872 0.108512 -0.141684 -0.112678 0.00228469 0.983476
1305031124.182694 0.146755 0.199712 0.113855 -0.140031 -0.114017 0.00105952 0.98356
1305031124.211396 0.146866 0.187758 0.118715 -0.134487 -0.115732 -0.000497241 0.984134
1305031124.249327 0.14434 0.18952 0.118346 -0.12441 -0.116371 0.000713661 0.985383
1305031124.282545 0.143751 0.181896 0.1201 -0.123795 -0.120627 0.000998215 0.984948
1305031124.311361 0.148111 0.154187 0.128759 -0.128159 -0.127126 0.00140504 0.983571
1305031124.350354 0.149795 0.152217 0.134474 -0.119726 -0.132704 0.00140465 0.983897
1305031124.382420 0.149101 0.143421 0.132821 -0.115365 -0.133684 0.0012214 0.984286
1305031124.411439 0.155205 0.123091 0.14887 -0.115414 -0.140582 0.00179222 0.983317
1305031124.450245 0.144833 0.12178 0.134284 -0.101974 -0.134416 -0.000242213 0.985664
1305031124.480099 0.141661 0.111184 0.131529 -0.0938047 -0.133562 -0.00371492 0.986584
1305031124.511324 0.140186 0.106389 0.135569 -0.0849188 -0.13601 -0.00490871 0.987049
1305031124.550437 0.137732 0.105354 0.135373 -0.0753813 -0.136662 -0.00635788 0.987725
1305031124.579404 0.146005 0.0899084 0.150758 -0.0751376 -0.1455 -0.00552901 0.986485
1305031124.611358 0.149602 0.0708119 0.16001 -0.0735153 -0.150895 -0.00758746 0.985783
1305031124.651271 0.146139 0.0693244 0.156083 -0.0643326 -0.150994 -0.00974298 0.986391
1305031124.679362 0.15125 0.0531861 0.170337 -0.0634685 -0.156718 -0.00838965 0.985566
1305031124.711251 0.152246 0.0404049 0.171908 -0.0589264 -0.157325 -0.0115527 0.985719
1305031124.749890 0.150501 0.0300856 0.176221 -0.0555192 -0.157302 -0.0132367 0.9859
1305031124.779365 0.15005 0.0183639 0.182891 -0.0520639 -0.159022 -0.0123396 0.985824
1305031124.811360 0.154524 0.0102235 0.196366 -0.0499615 -0.164438 -0.0114865 0.985054
1305031124.850535 0.154618 -0.000937984 0.206316 -0.0501119 -0.167274 -0.0114271 0.98457
1305031124.879355 0.158063 -0.00881367 0.220735 -0.0469926 -0.170827 -0.0106329 0.984122
1305031124.911448 0.157826 -0.0138981 0.225902 -0.0442793 -0.16877 -0.010433 0.984605
1305031124.950730 0.158548 -0.021298 0.237543 -0.0463114 -0.169539 -0.00989065 0.984385
1305031124.979438 0.153801 -0.0325819 0.232854 -0.0469113 -0.165639 -0.00583062 0.985053
1305031125.011454 0.166914 -0.0503287 0.270793 -0.0467717 -0.180247 -6.73689e-05 0.982509
1305031125.050763 0.157903 -0.0777203 0.246126 -0.0505153 -0.173061 -0.00841256 0.983579
1305031125.079364 0.156347 -0.0524783 0.263379 -0.041207 -0.175648 0.00405994 0.983582
1305031125.111364 0.152703 -0.0807449 0.255283 -0.0468127 -0.172657 -0.000731498 0.983869
1305031125.151013 0.154397 -0.0859484 0.261158 -0.0413488 -0.17408 -0.00157801 0.983862
1305031125.179353 0.151679 -0.087369 0.262925 -0.0400425 -0.170832 -0.000900178 0.984486
1305031125.211320 0.149659 -0.0976619 0.268998 -0.0433766 -0.169672 -0.000797221 0.984545
1305031125.250632 0.14523 -0.113421 0.272064 -0.0428083 -0.168594 -0.00479972 0.984744
1305031125.279467 0.14616 -0.115756 0.275648 -0.038792 -0.169337 -0.0038372 0.984787
1305031125.311493 0.144358 -0.12599 0.281531 -0.0395621 -0.167687 -0.00371279 0.985039
1305031125.348880 0.142852 -0.140981 0.279693 -0.0380655 -0.165916 -0.00672403 0.985382
1305031125.379401 0.149879 -0.147218 0.292153 -0.0390819 -0.167693 -0.00779574 0.985033
1305031125.411335 0.147918 -0.150546 0.294533 -0.038336 -0.160757 -0.0086775 0.986211
1305031125.451195 0.145713 -0.158142 0.297746 -0.0420662 -0.155327 -0.0111878 0.986904
1305031125.479424 0.145314 -0.167451 0.301404 -0.0424523 -0.151693 -0.0126411 0.987435
1305031125.511316 0.144669 -0.166021 0.30211 -0.0406018 -0.147859 -0.0133094 0.988085
1305031125.551020 0.144256 -0.167403 0.30416 -0.0409432 -0.144855 -0.0148459 0.988494
1305031125.579308 0.14492 -0.168668 0.30653 -0.0420415 -0.141873 -0.017163 0.988843
1305031125.611533 0.14256 -0.177278 0.304407 -0.0433437 -0.137422 -0.0180214 0.9894
1305031125.650575 0.13774 -0.183396 0.295336 -0.0405002 -0.134727 -0.0155995 0.989932
1305031125.679328 0.134572 -0.174993 0.28885 -0.0351991 -0.137552 -0.01335 0.989779
1305031125.711443 0.13976 -0.176937 0.288622 -0.0350362 -0.144696 -0.0111771 0.988792
1305031125.751260 0.143319 -0.159981 0.285773 -0.0266699 -0.147977 -0.00895038 0.988591
1305031125.779348 0.143688 -0.152063 0.281454 -0.0257863 -0.148665 -0.0125363 0.988472
1305031125.811573 0.145733 -0.141531 0.277604 -0.0242933 -0.148141 -0.0134011 0.988577
1305031125.847412 0.144579 -0.134211 0.273667 -0.0261526 -0.146073 -0.0163188 0.988793
1305031125.879318 0.14388 -0.130619 0.268788 -0.0273271 -0.146102 -0.0174896 0.988737
1305031125.911305 0.138283 -0.116432 0.255609 -0.0296504 -0.146204 -0.0168511 0.988666
1305031125.947343 0.136519 -0.109681 0.249851 -0.0331907 -0.151751 -0.0143336 0.987757
1305031125.979324 0.143789 -0.0953278 0.250047 -0.0325329 -0.162121 -0.0103331 0.98618
1305031126.011333 0.147342 -0.0803446 0.249315 -0.0334972 -0.168688 -0.0101299 0.985048
1305031126.047324 0.151956 -0.0713999 0.2458 -0.0375896 -0.170864 -0.0117145 0.984508
1305031126.079356 0.152463 -0.0596155 0.244054 -0.0416417 -0.169371 -0.0114981 0.984605
1305031126.111370 0.154222 -0.0499604 0.242503 -0.0457096 -0.16896 -0.0122571 0.984486
1305031126.147432 0.156784 -0.0465206 0.250245 -0.0508356 -0.16993 -0.0107131 0.984086
1305031126.179384 0.156866 -0.0336943 0.25116 -0.0572901 -0.170636 -0.00954835 0.983621
1305031126.211319 0.156416 -0.0310883 0.235465 -0.0633879 -0.167968 -0.0145163 0.983645
1305031126.247298 0.161942 -0.0181694 0.238145 -0.0650891 -0.168969 -0.0131051 0.983382
1305031126.279363 0.159142 -0.0148448 0.237371 -0.0710276 -0.165393 -0.0187495 0.983488
1305031126.311332 0.153552 0.0150037 0.219285 -0.0656491 -0.156338 -0.0221982 0.985269
1305031126.347363 0.154934 0.0194703 0.215698 -0.0729229 -0.152638 -0.0244491 0.985285
1305031126.379423 0.155245 0.024266 0.209028 -0.078996 -0.148995 -0.0280631 0.985278
1305031126.411465 0.154715 0.0290033 0.199766 -0.0854884 -0.146058 -0.0323218 0.985045
1305031126.447361 0.157512 0.0276237 0.196316 -0.0929311 -0.144858 -0.0334355 0.984511
1305031126.479533 0.159304 0.0402673 0.209192 -0.0976156 -0.148696 -0.0276512 0.983665
1305031126.511410 0.155938 0.0541407 0.20124 -0.100312 -0.148064 -0.0265846 0.983518
1305031126.547374 0.167998 0.0625909 0.194036 -0.107694 -0.150797 -0.0251807 0.982359
1305031126.579454 0.167824 0.0722762 0.191091 -0.11304 -0.147884 -0.0226174 0.982263
1305031126.611528 0.158557 0.070566 0.197921 -0.12111 -0.143724 -0.0246819 0.981869
1305031126.647376 0.145141 0.0936072 0.168353 -0.118469 -0.130198 -0.0187902 0.984206
1305031126.679479 0.146544 0.0987712 0.165706 -0.121087 -0.127942 -0.0145326 0.984255
1305031126.711583 0.148644 0.103114 0.163469 -0.125272 -0.126758 -0.0126089 0.983911
1305031126.747316 0.151296 0.10439 0.163208 -0.128029 -0.125788 -0.00861799 0.983723
1305031126.779379 0.151778 0.111555 0.159914 -0.126852 -0.124328 -0.00550037 0.984084
1305031126.811602 0.156633 0.115279 0.160474 -0.127383 -0.124056 -0.00467675 0.984054
1305031126.847343 0.157331 0.119408 0.15731 -0.127243 -0.119841 -0.0046779 0.984594
1305031126.879357 0.158148 0.12139 0.153602 -0.128355 -0.117456 -0.00398862 0.98474
1305031126.911364 0.158495 0.122379 0.152658 -0.128414 -0.115062 -0.00552477 0.985008
1305031126.947437 0.15805 0.123464 0.148859 -0.129352 -0.113116 -0.00376028 0.985119
1305031126.979337 0.159426 0.122463 0.14879 -0.130451 -0.114629 -0.00203642 0.984804
1305031127.011371 0.158242 0.120715 0.150486 -0.129606 -0.115325 -0.00264191 0.984833
1305031127.047297 0.159755 0.123477 0.148324 -0.127773 -0.115827 -0.000611037 0.985017
1305031127.079299 0.160169 0.119522 0.146086 -0.129856 -0.115919 -0.00058911 0.984733
1305031127.111435 0.157951 0.115804 0.147123 -0.130652 -0.117509 0.000657195 0.98444
1305031127.147307 0.156894 0.115178 0.148052 -0.128812 -0.120728 0.00200164 0.984291
1305031127.179349 0.15771 0.11405 0.148089 -0.126831 -0.124103 0.00160188 0.984129
1305031127.211700 0.159554 0.113631 0.151854 -0.125307 -0.126809 0.00132513 0.98398
1305031127.247374 0.159479 0.10935 0.154354 -0.124158 -0.127276 0.000953954 0.984065
1305031127.279465 0.157964 0.109022 0.151627 -0.120742 -0.126315 -9.1094e-05 0.984615
1305031127.311362 0.15627 0.105418 0.154787 -0.121654 -0.127231 -0.000938033 0.984384
1305031127.347356 0.156979 0.0999372 0.159407 -0.120803 -0.129835 -0.000873145 0.984149
1305031127.379262 0.153813 0.102192 0.158294 -0.116105 -0.129492 -0.000973685 0.984759
1305031127.411371 0.154111 0.0986599 0.158601 -0.116575 -0.130845 -0.00187441 0.984523
1305031127.447333 0.153609 0.0946078 0.163276 -0.116313 -0.132649 -0.00161803 0.984313
1305031127.479362 0.151633 0.0972278 0.163485 -0.112589 -0.13315 -0.00266872 0.984677
1305031127.511356 0.15052 0.0959926 0.164303 -0.113505 -0.133977 -0.00378561 0.984455
1305031127.547348 0.15039 0.0916585 0.166372 -0.114218 -0.135097 -0.00345807 0.984221
1305031127.579345 0.149933 0.0931188 0.168437 -0.111405 -0.135868 -0.00342775 0.984437
1305031127.611271 0.149992 0.091959 0.168196 -0.112119 -0.13642 -0.00447424 0.984276
1305031127.647358 0.149559 0.0909809 0.17039 -0.112866 -0.136663 -0.00272838 0.984163
1305031127.679298 0.15003 0.0893742 0.170955 -0.111635 -0.137572 -0.00167315 0.984179
1305031127.711375 0.149496 0.0922939 0.170158 -0.1097 -0.138053 -0.00191598 0.984329
1305031127.747304 0.149538 0.0885261 0.172099 -0.112175 -0.13861 -0.00201701 0.983972
1305031127.779346 0.148185 0.0878731 0.172957 -0.110807 -0.138523 -0.00147451 0.98414
1305031127.811829 0.147452 0.0877853 0.170794 -0.109139 -0.138357 -0.00254108 0.984347
1305031127.847366 0.148895 0.086166 0.171044 -0.109725 -0.139168 -0.00389841 0.984163
1305031127.879380 0.146584 0.0863918 0.170941 -0.109092 -0.138625 -0.00418927 0.984309
1305031127.911476 0.145254 0.0861745 0.170741 -0.10868 -0.139097 -0.00475052 0.984286
1305031127.947366 0.145361 0.0884013 0.171513 -0.108475 -0.140176 -0.00445563 0.984156
1305031127.979371 0.145965 0.0864355 0.17328 -0.110775 -0.141488 -0.00473851 0.983711
1305031128.011427 0.145767 0.0871788 0.175922 -0.1114 -0.141649 -0.00531446 0.983614
1305031128.047369 0.145725 0.0849325 0.179345 -0.114621 -0.140802 -0.00415391 0.983372
1305031128.079334 0.14564 0.0830609 0.181602 -0.114849 -0.140699 -0.00275185 0.983365
1305031128.111391 0.1469 0.080912 0.182593 -0.115006 -0.141527 -0.00251101 0.983228
1305031128.147418 0.14617 0.0821351 0.18374 -0.114984 -0.1413 -0.000592786 0.983266
1305031128.179350 0.147155 0.0786686 0.187386 -0.115295 -0.141935 0.00110569 0.983138
1305031128.211447 0.145473 0.0796713 0.184823 -0.112632 -0.140832 0.000759935 0.983606
1305031128.247480 0.14527 0.0792849 0.184321 -0.113205 -0.141104 0.000930098 0.983501
1305031128.279336 0.146735 0.0765531 0.186852 -0.114079 -0.142324 0.00118208 0.983224
1305031128.311483 0.146595 0.0772623 0.186139 -0.112512 -0.142392 0.000763132 0.983395
1305031128.347423 0.144934 0.0781779 0.184417 -0.111811 -0.141548 -0.000312845 0.983597
1305031128.379404 0.145226 0.076353 0.18566 -0.112585 -0.142494 -0.00143516 0.983371
1305031128.411337 0.145227 0.0754566 0.185976 -0.111847 -0.14262 -0.00292451 0.983433
1305031128.447296 0.143059 0.0768638 0.184375 -0.110531 -0.141724 -0.00408897 0.983707
1305031128.479296 0.144245 0.0770417 0.185063 -0.110284 -0.142762 -0.00461089 0.983583
1305031128.511433 0.144061 0.0745106 0.185791 -0.110726 -0.142638 -0.00601998 0.983543
1305031128.547399 0.143847 0.0740222 0.185502 -0.110809 -0.141914 -0.00624076 0.983638
1305031128.579455 0.143482 0.0735702 0.186148 -0.109856 -0.141341 -0.0065901 0.983825
1305031128.611395 0.141796 0.0712501 0.182222 -0.109214 -0.140201 -0.00700438 0.984056
1305031128.647352 0.140744 0.0690074 0.181474 -0.10952 -0.141041 -0.00686501 0.983903
1305031128.679282 0.143479 0.0695316 0.183585 -0.109034 -0.14399 -0.00644803 0.983533
1305031128.711457 0.143258 0.0696943 0.184175 -0.107474 -0.143969 -0.00749325 0.9837
1305031128.747363 0.141972 0.0696415 0.182533 -0.106274 -0.14223 -0.009089 0.98407
