1305031102.175304 0 0 0 0 0 0 1
1305031102.211214 -0.00116434 0.00924536 0.0126562 -0.00166678 -0.00352798 -0.00126243 0.999992
1305031102.275326 -0.0017713 0.00818373 0.0386029 -0.0138075 -0.00968305 -0.000445486 0.999858
1305031102.311267 -0.000152587 0.00637361 0.0544156 -0.0189255 -0.012584 0.000754575 0.999741
1305031102.343233 -0.000723747 0.00697847 0.0656269 -0.0209466 -0.0144033 0.00249548 0.999674
1305031102.375329 -0.000744446 0.00780535 0.0780001 -0.0231712 -0.0164606 0.00298674 0.999592
1305031102.411258 -0.00493004 0.0109247 0.0863473 -0.024417 -0.0178265 0.00148718 0.999542
1305031102.443271 -0.00567458 0.0171002 0.0967964 -0.028413 -0.0212204 0.000963358 0.999371
1305031102.475318 -0.00394517 0.0166957 0.112421 -0.0359968 -0.0241565 0.000567303 0.99906
1305031102.511219 -0.00346851 0.0173578 0.126458 -0.0409374 -0.0235117 -0.000788627 0.998885
1305031102.575286 -0.00414167 0.0149282 0.15452 -0.0478795 -0.0207511 -0.00421647 0.998629
1305031102.611233 -0.00616533 0.0143303 0.166978 -0.0450059 -0.0174383 -0.00306015 0.99883
1305031102.675285 -0.0111346 0.0230347 0.186011 -0.0432786 -0.0165957 -0.00158465 0.998924
1305031102.711263 -0.0116207 0.0228397 0.199713 -0.0443589 -0.016908 -0.000643156 0.998872
1305031102.743234 -0.0120417 0.0300502 0.211173 -0.043873 -0.0170567 0.000758822 0.998891
1305031102.775472 -0.00979803 0.0313533 0.228067 -0.0461476 -0.0161432 -0.000928889 0.998804
1305031102.811232 -0.0113213 0.0347775 0.239692 -0.0468869 -0.0125248 -0.00218844 0.998819
1305031102.843290 -0.010498 0.0362033 0.255368 -0.0487954 -0.00953621 -0.002948 0.998759
1305031102.875363 -0.0137811 0.0381915 0.265207 -0.0482186 -0.00545954 -0.00527176 0.998808
1305031102.911185 -0.0153754 0.0404948 0.275992 -0.0478615 -0.00353776 -0.00710285 0.998822
1305031102.975203 -0.0255728 0.0434828 0.290994 -0.049494 -0.00657619 -0.00823695 0.998719
1305031103.011215 -0.0236346 0.0464585 0.303678 -0.0508101 -0.0142455 -0.00516797 0.998593
1305031103.043227 -0.0245722 0.049209 0.314665 -0.0525315 -0.0200824 -0.00286137 0.998413
1305031103.075319 -0.0206961 0.0505309 0.329575 -0.0523869 -0.0248619 -0.00032253 0.998317
1305031103.111240 -0.0216325 0.0570015 0.33573 -0.0499961 -0.0239979 0.000120967 0.998461
1305031103.143318 -0.021338 0.0591933 0.347146 -0.0518718 -0.0243857 0.00164452 0.998355
1305031103.175452 -0.0223497 0.0637463 0.353063 -0.051903 -0.0222473 0.00112002 0.998404
1305031103.243216 -0.024007 0.0705862 0.366745 -0.0638263 -0.0213696 0.005008 0.99772
1305031103.275370 -0.0294921 0.0702158 0.368819 -0.0741036 -0.0217237 0.0085782 0.996977
1305031103.311210 -0.0287843 0.0656061 0.376495 -0.0820802 -0.0316358 0.00890499 0.996084
1305031103.343223 -0.0227585 0.0683649 0.383238 -0.081885 -0.0386466 0.00868937 0.995854
1305031103.375327 -0.0214417 0.0678001 0.385062 -0.0855899 -0.0377253 0.0106852 0.995559
1305031103.411260 -0.0222169 0.062733 0.383253 -0.0887509 -0.0367982 0.0123947 0.995297
1305031103.443280 -0.0238112 0.0607954 0.37748 -0.0886384 -0.038324 0.0119213 0.995255
1305031103.475274 -0.023305 0.0579117 0.37508 -0.0884249 -0.0415535 0.0105877 0.995159
1305031103.511333 -0.0226711 0.0541765 0.369718 -0.0858945 -0.0435456 0.00851081 0.995316
1305031103.543444 -0.0220569 0.0498385 0.362612 -0.0818683 -0.0451259 0.00696268 0.995597
1305031103.575474 -0.0228338 0.046391 0.350599 -0.0775873 -0.0460169 0.007194 0.995897
1305031103.611223 -0.0230929 0.0418201 0.340419 -0.07556 -0.0490944 0.00904152 0.995891
1305031103.643445 -0.0220794 0.0376169 0.330051 -0.0727696 -0.0534354 0.00968531 0.995869
1305031103.675523 -0.0197762 0.0349868 0.320381 -0.0696009 -0.0566945 0.0100534 0.995912
1305031103.711610 -0.0175629 0.0315116 0.309162 -0.067101 -0.0581778 0.0099523 0.995999
1305031103.743326 -0.0158684 0.025735 0.297952 -0.0650629 -0.0582192 0.00916971 0.996139
1305031103.775342 -0.0155881 0.0240401 0.282646 -0.0611848 -0.057322 0.0059159 0.996462
1305031103.811242 -0.0147142 0.0216505 0.267408 -0.0612037 -0.0560623 0.00216542 0.996547
1305031103.843251 -0.0171138 0.0203253 0.250591 -0.0640279 -0.0546106 -0.000556225 0.996453
1305031103.875361 -0.0169371 0.00912991 0.239293 -0.0725545 -0.0577399 -0.00318943 0.995687
1305031103.911221 -0.0151905 0.00243551 0.226518 -0.0719115 -0.0621982 -0.00495442 0.995457
1305031103.943211 -0.0134471 -0.000466151 0.211902 -0.0696556 -0.0651051 -0.00569907 0.995428
1305031103.975373 -0.0108158 -0.0055193 0.199715 -0.0680578 -0.0676153 -0.00655149 0.995366
1305031104.011232 -0.00623513 -0.00972159 0.190562 -0.0635969 -0.0692187 -0.00756908 0.995544
1305031104.043249 -0.00280158 -0.0114667 0.176121 -0.0557192 -0.0666408 -0.00958385 0.996174
1305031104.075425 -0.00128466 -0.0101282 0.162062 -0.0505048 -0.0619338 -0.0124033 0.996724
1305031104.111235 0.00203147 -0.0162863 0.15117 -0.0482183 -0.0567304 -0.0139997 0.997126
1305031104.143230 0.00132324 -0.0207013 0.135274 -0.0435575 -0.0502884 -0.0147861 0.997675
1305031104.175424 0.00103003 -0.0230753 0.120233 -0.0392029 -0.0467334 -0.0156798 0.998015
1305031104.211283 0.00239463 -0.0278313 0.108265 -0.0356375 -0.044443 -0.0152563 0.99826
1305031104.243196 0.00418632 -0.0294333 0.0963937 -0.0307873 -0.0426749 -0.0148618 0.998504
1305031104.275546 0.00590467 -0.0310066 0.0847776 -0.0262409 -0.0404749 -0.0155242 0.998715
1305031104.311219 0.00823771 -0.0322758 0.0740549 -0.022414 -0.0378607 -0.0154342 0.998912
1305031104.343342 0.0104639 -0.0312001 0.0642568 -0.0185756 -0.0343531 -0.0155011 0.999117
1305031104.375837 0.00987797 -0.031583 0.0534363 -0.0164726 -0.0290991 -0.0150733 0.999327
1305031104.411509 0.00806908 -0.0335638 0.0421852 -0.0155389 -0.0247134 -0.0143583 0.999471
1305031104.443288 0.0042274 -0.0337577 0.0298932 -0.0150167 -0.0221836 -0.0135564 0.999549
1305031104.475456 0.002113 -0.0357228 0.0197027 -0.0156857 -0.0231752 -0.012716 0.999527
1305031104.511329 0.00125399 -0.040096 0.0106864 -0.0156437 -0.0257033 -0.0114051 0.999482
1305031104.543368 0.0042517 -0.0418184 0.00242424 -0.0123581 -0.0285664 -0.0103976 0.999461
1305031104.575343 0.0103223 -0.0450186 -0.00248534 -0.00822939 -0.0300809 -0.00970722 0.999466
1305031104.611336 0.0191907 -0.0525336 -0.00587739 -0.000217442 -0.0280326 -0.00704961 0.999582
1305031104.643243 0.0208335 -0.0479413 -0.0155746 0.0136189 -0.0204872 -0.00689221 0.999674
1305031104.675525 0.023711 -0.0531044 -0.0256585 0.0238776 -0.0128689 -0.00562337 0.999616
1305031104.711277 0.0224797 -0.0531907 -0.0374151 0.0382602 -0.00464309 -0.00360008 0.999251
1305031104.743280 0.0257803 -0.0522284 -0.047689 0.0515805 0.00190428 -0.0017338 0.998666
1305031104.775327 0.0253121 -0.0511977 -0.0570925 0.0639059 0.00947286 -1.68908e-06 0.997911
1305031104.811465 0.0278699 -0.0467959 -0.0641994 0.0755372 0.0157129 0.00268497 0.997016
1305031104.843258 0.0251282 -0.0415561 -0.0715771 0.0846612 0.023211 0.00498856 0.996127
1305031104.875350 0.0218968 -0.0357712 -0.0773724 0.091002 0.0268726 0.0071175 0.995463
1305031104.911534 0.0235916 -0.0323247 -0.0782026 0.093462 0.0274585 0.00954516 0.995198
1305031104.943262 0.0242063 -0.0298826 -0.0776983 0.0946272 0.0281062 0.0103911 0.995062
1305031104.975202 0.0234373 -0.0229573 -0.0745759 0.0947009 0.0273734 0.0110728 0.995068
1305031105.011290 0.0253456 -0.0197095 -0.0678205 0.0901724 0.0263579 0.0119337 0.995506
1305031105.043373 0.024438 -0.018149 -0.0602171 0.084171 0.0259347 0.0103287 0.99606
1305031105.075320 0.0246377 -0.0182431 -0.0499793 0.0768384 0.0248741 0.00858359 0.996696
1305031105.111299 0.0211242 -0.0213426 -0.0390882 0.0700219 0.0245522 0.00704978 0.997218
1305031105.143106 0.0170003 -0.0127202 -0.0291613 0.0653024 0.0222413 0.00428675 0.997608
1305031105.175159 0.0133823 -0.0106964 -0.0163906 0.052031 0.0193706 0.000146428 0.998458
1305031105.211268 0.00772596 -0.0189113 -7.36804e-05 0.0378347 0.0161226 -0.00216261 0.999152
1305031105.243270 0.00378582 -0.0170757 0.0135443 0.029435 0.0108291 -0.0041064 0.9995
1305031105.275288 -0.000243778 -0.0135532 0.027484 0.0194374 0.00475955 -0.00548354 0.999785
1305031105.311290 -0.00133334 -0.0164679 0.0431017 0.00810588 -0.00328589 -0.00582162 0.999945
1305031105.343302 5.75306e-05 -0.0203576 0.0609728 -0.00135622 -0.0111382 -0.00578616 0.99992
1305031105.375338 -0.00093037 -0.0217032 0.0767223 -0.00563558 -0.0166722 -0.00513417 0.999832
1305031105.411286 -0.00322751 -0.0147125 0.0894236 -0.0096843 -0.0211452 -0.00635222 0.999709
1305031105.443316 -0.00367586 -0.0203109 0.105567 -0.0184592 -0.0256426 -0.00688695 0.999477
1305031105.475280 -0.00516927 -0.0192282 0.119344 -0.021995 -0.0289066 -0.00710371 0.999315
1305031105.511332 -0.00413567 -0.017092 0.134594 -0.0265584 -0.0322936 -0.00695658 0.999101
1305031105.543282 -0.00457522 -0.019055 0.149643 -0.0316789 -0.0331328 -0.00586388 0.998932
1305031105.575449 -0.00708373 -0.0167853 0.163244 -0.0343156 -0.0339168 -0.00584547 0.998818
1305031105.611378 -0.00587375 -0.0177621 0.181262 -0.0375884 -0.035712 -0.00504866 0.998642
1305031105.643273 -0.0084178 -0.0165826 0.193928 -0.0382777 -0.035344 -0.00251421 0.998639
1305031105.711309 -0.0015085 -0.0134771 0.230768 -0.0393761 -0.0370535 -0.00095728 0.998537
1305031105.743312 -0.00165358 -0.00659518 0.24435 -0.0362427 -0.0332314 -0.00109074 0.99879
1305031105.775339 0.000335063 -0.00602649 0.261403 -0.0372078 -0.0291848 -0.000831866 0.998881
1305031105.811283 5.43691e-05 -0.00460696 0.274688 -0.0359688 -0.0240219 -0.000240923 0.999064
1305031105.843271 0.000852452 -0.00194746 0.289939 -0.0343875 -0.0205376 0.000604236 0.999197
1305031105.875337 0.00131831 0.00434774 0.301958 -0.0329131 -0.0151628 0.0020434 0.999341
1305031105.911262 0.000685578 0.00710097 0.315314 -0.0359309 -0.010545 0.00602994 0.99928
1305031105.943272 -0.000407402 0.0120748 0.327337 -0.0382193 -0.00653617 0.00842386 0.999212
1305031105.975329 -0.00156834 0.0162555 0.340723 -0.0426534 -0.00390253 0.00927011 0.999039
1305031106.011285 -0.00108634 0.0199136 0.353151 -0.047184 -0.00172997 0.0106784 0.998828
1305031106.043355 -0.00364447 0.023179 0.364562 -0.0519138 0.00159779 0.0110103 0.99859
1305031106.075330 -0.00497519 0.0265432 0.374754 -0.0561489 0.00291175 0.0127063 0.998337
1305031106.111327 -0.00703163 0.0324277 0.384091 -0.0609077 0.00353587 0.0131936 0.99805
1305031106.143355 -0.00901939 0.0342353 0.395951 -0.0684145 0.00228638 0.0151371 0.99754
1305031106.175534 -0.0101053 0.0361993 0.40597 -0.0727418 0.000765941 0.0161691 0.997219
1305031106.211275 -0.0106146 0.0373136 0.417548 -0.0764956 -0.00125378 0.0174378 0.996917
1305031106.243267 -0.0113474 0.0403399 0.424549 -0.0763999 -0.0026656 0.0208892 0.996855
1305031106.276385 -0.0125568 0.0456056 0.42974 -0.0768738 -0.00414263 0.0217437 0.996795
1305031106.311238 -0.0126015 0.0478496 0.434993 -0.0808908 -0.00548634 0.0241771 0.996415
1305031106.343258 -0.0151222 0.0535077 0.436209 -0.0854773 -0.00558105 0.0248599 0.996014
1305031106.375388 -0.0124727 0.0549408 0.441505 -0.0944377 -0.00678324 0.0176748 0.995351
1305031106.411320 -0.0109373 0.0508915 0.447555 -0.101798 -0.00270576 0.0127649 0.994719
1305031106.443278 -0.0127638 0.0475167 0.443739 -0.103482 0.00150879 0.00967503 0.994583
1305031106.475345 -0.0142716 0.0447725 0.438728 -0.103595 0.00111104 0.00874917 0.99458
1305031106.511129 -0.0150953 0.0404668 0.432981 -0.102566 -0.00229414 0.00915438 0.994681
1305031106.543302 -0.014712 0.0377948 0.423774 -0.0989492 -0.00653055 0.00756554 0.995042
1305031106.575282 -0.01391 0.0348753 0.413024 -0.0959016 -0.00873082 0.00638882 0.995332
1305031106.611151 -0.0149914 0.0337205 0.401212 -0.0950692 -0.0114895 0.00365806 0.995398
1305031106.643207 -0.0142998 0.0274939 0.391841 -0.0958217 -0.0148202 0.00159895 0.995287
1305031106.675279 -0.0152924 0.0246593 0.375747 -0.0935134 -0.0173829 0.00142025 0.995465
1305031106.711508 -0.0160472 0.0210723 0.363342 -0.0953332 -0.0232449 0.00155497 0.995173
1305031106.743341 -0.0165255 0.0174646 0.349236 -0.0935217 -0.0296 0.00170228 0.995176
1305031106.775390 -0.0138536 0.0149675 0.335937 -0.0921368 -0.036742 0.00181582 0.995067
1305031106.811289 -0.0131476 0.0150842 0.320479 -0.090977 -0.0407863 0.00105353 0.995017
1305031106.843416 -0.0132657 0.00626024 0.307511 -0.0932426 -0.0446759 0.000401722 0.99464
1305031106.875905 -0.00993148 0.00360792 0.293535 -0.0864458 -0.0483653 -0.00345474 0.995076
1305031106.911243 -0.00931411 0.00330569 0.273785 -0.0817639 -0.047501 -0.00833309 0.995484
1305031106.943439 -0.00787481 -0.00403209 0.261143 -0.0813119 -0.0471659 -0.0122259 0.995497
1305031106.975547 -0.00622867 -0.0100015 0.246787 -0.0755698 -0.0456921 -0.0150151 0.99598
1305031107.011576 -0.00788196 -0.00944032 0.221918 -0.0677507 -0.0414129 -0.0200376 0.996641
1305031107.043281 -0.00744069 -0.01533 0.20887 -0.068833 -0.0391448 -0.0219344 0.996619
1305031107.075432 -0.00927707 -0.0226234 0.192265 -0.0649701 -0.037597 -0.0224365 0.996926
1305031107.111229 -0.00790715 -0.0232547 0.175418 -0.0595882 -0.0385368 -0.0230919 0.997212
1305031107.143260 -0.00567063 -0.0231917 0.160964 -0.0571787 -0.0380204 -0.0234171 0.997365
1305031107.175399 -0.00369511 -0.0304782 0.150318 -0.0562368 -0.0369442 -0.0239763 0.997446
1305031107.211358 -0.000968688 -0.0367844 0.138323 -0.0508024 -0.0353205 -0.0254744 0.997759
1305031107.243378 -0.000488626 -0.0351634 0.123156 -0.0431792 -0.0316565 -0.0258029 0.998232
1305031107.275398 0.0026712 -0.0389022 0.113359 -0.0379818 -0.0290647 -0.0254806 0.998531
1305031107.311226 0.00529648 -0.0438639 0.10338 -0.0313551 -0.0259917 -0.0257495 0.998838
1305031107.343509 0.0103129 -0.0464587 0.0952842 -0.020185 -0.0237463 -0.0250219 0.999201
1305031107.375413 0.0112612 -0.0417717 0.0835077 -0.00945188 -0.0183503 -0.0251524 0.999471
1305031107.411271 0.0140419 -0.0427059 0.0757898 -0.00295938 -0.0138886 -0.0256964 0.999569
1305031107.443419 0.0171317 -0.0402955 0.070288 0.00312753 -0.00964374 -0.0253445 0.999627
1305031107.475377 0.020504 -0.0419613 0.0660218 0.00574833 -0.00542636 -0.024396 0.999671
1305031107.511352 0.0216795 -0.0378505 0.0626957 0.00815081 -0.0016546 -0.0242947 0.99967
1305031107.543605 0.0248191 -0.0391293 0.0631072 0.00516293 0.000747222 -0.0225716 0.999732
1305031107.575454 0.0271241 -0.0444075 0.0635006 0.00363307 0.00282416 -0.0194794 0.9998
1305031107.611271 0.0290904 -0.0377863 0.0633693 0.0055738 0.00411744 -0.0181331 0.999812
1305031107.643323 0.030062 -0.0380242 0.0654436 0.0017489 0.00547473 -0.0170905 0.999837
1305031107.675568 0.0293011 -0.0377836 0.0664598 0.000433461 0.00631473 -0.0165265 0.999843
1305031107.711307 0.0291781 -0.0339661 0.0680336 -0.000320349 0.00609968 -0.0156974 0.999858
1305031107.743538 0.0256927 -0.0300861 0.0688101 -0.00311441 0.00566689 -0.0152875 0.999862
1305031107.775802 0.0262843 -0.0308564 0.0716002 -0.0063606 0.00261347 -0.0163007 0.999843
1305031107.811596 0.0277957 -0.0285981 0.0745237 -0.00827355 0.000365084 -0.0163252 0.999832
1305031107.843332 0.0288928 -0.0272714 0.0772161 -0.0108287 -0.000189774 -0.0166413 0.999803
1305031107.875358 0.0341291 -0.0303941 0.0815939 -0.0123257 -0.000163001 -0.0199727 0.999725
1305031107.911541 0.0369906 -0.0302073 0.0845693 -0.0113485 0.00287867 -0.0224347 0.99968
1305031107.943122 0.0417237 -0.0315048 0.0875485 -0.00966782 0.00617352 -0.0229208 0.999671
1305031107.975807 0.0490537 -0.0323162 0.090632 -0.00733464 0.0101192 -0.0227637 0.999663
1305031108.011320 0.0569695 -0.031505 0.0940264 -0.00321569 0.0146699 -0.0248216 0.999579
1305031108.043418 0.0705071 -0.0301625 0.0982314 -0.000427065 0.0204647 -0.0235768 0.999512
1305031108.075352 0.0802915 -0.0330738 0.100449 -0.000268692 0.0299399 -0.0181193 0.999387
1305031108.111378 0.0869282 -0.0348634 0.101165 0.00196233 0.036984 -0.0177317 0.999157
1305031108.143334 0.0964552 -0.0330707 0.107073 0.00447733 0.041057 -0.0179808 0.998985
1305031108.176058 0.10561 -0.028634 0.109912 0.00348249 0.0453047 -0.015725 0.998843
1305031108.211475 0.115737 -0.0301829 0.115349 -0.00199172 0.0471296 -0.0158377 0.998761
1305031108.243347 0.130611 -0.0364899 0.123437 -0.00440857 0.0497162 -0.0176117 0.998598
1305031108.275358 0.137669 -0.0314458 0.127233 -0.0028596 0.0555421 -0.0184956 0.998281
1305031108.311332 0.142285 -0.0283988 0.130952 -0.00638147 0.0587626 -0.0177304 0.998094
1305031108.343278 0.151509 -0.0275172 0.13502 -0.0122042 0.0579626 -0.0158532 0.998118
1305031108.375410 0.159267 -0.0267601 0.138903 -0.0177045 0.0561847 -0.0108186 0.998205
1305031108.411361 0.172645 -0.0266231 0.144653 -0.0228575 0.0517991 -0.00432065 0.998387
1305031108.443610 0.185539 -0.0240531 0.149468 -0.0267599 0.0504357 0.00238543 0.998366
1305031108.475471 0.199434 -0.0265282 0.154535 -0.0304311 0.0495162 0.00987589 0.998261
1305031108.511378 0.219085 -0.0290085 0.159103 -0.0304722 0.050935 0.0148524 0.998126
1305031108.543737 0.230349 -0.0321921 0.160501 -0.0271929 0.0587461 0.0140569 0.997804
1305031108.575414 0.238135 -0.02577 0.161309 -0.0218264 0.065167 0.0114304 0.99757
1305031108.611407 0.248632 -0.0264933 0.169125 -0.0224497 0.0719968 0.0113678 0.997087
1305031108.643303 0.254858 -0.0262594 0.171581 -0.0225753 0.0797042 0.0121291 0.996489
1305031108.675375 0.268823 -0.0232494 0.177161 -0.0246705 0.0847282 0.0147915 0.995989
1305031108.711411 0.27583 -0.0258125 0.182488 -0.0295036 0.0938809 0.0188939 0.994967
1305031108.743502 0.28074 -0.0282465 0.185353 -0.0317281 0.100194 0.0199625 0.994262
1305031108.775493 0.288223 -0.0273433 0.184729 -0.0326969 0.104166 0.0216482 0.993787
1305031108.811244 0.290399 -0.0295568 0.185876 -0.0349151 0.108673 0.0266469 0.993107
1305031108.843264 0.291536 -0.0320168 0.184699 -0.0343639 0.109517 0.032975 0.992843
1305031108.876515 0.292831 -0.0315812 0.182126 -0.0320053 0.106655 0.0392485 0.993006
1305031108.911364 0.294726 -0.0350619 0.182341 -0.0297236 0.102942 0.0450368 0.993223
1305031108.943243 0.291688 -0.0368517 0.178223 -0.0247878 0.0996832 0.0463856 0.993628
1305031108.975268 0.286862 -0.0320175 0.172419 -0.0197708 0.0939261 0.043923 0.994413
1305031109.011269 0.287876 -0.0313889 0.169996 -0.0201766 0.0888608 0.0428553 0.994917
1305031109.043277 0.279968 -0.0339174 0.167772 -0.0199888 0.0885036 0.0404121 0.995055
1305031109.075410 0.271487 -0.0278051 0.16436 -0.0198718 0.0859156 0.0353545 0.995477
1305031109.111282 0.265337 -0.0300559 0.164309 -0.0245592 0.0838827 0.032774 0.995634
1305031109.143334 0.251494 -0.0327068 0.160018 -0.0259033 0.0818048 0.030879 0.995833
1305031109.175464 0.240794 -0.0285473 0.159986 -0.0248544 0.0751932 0.0273936 0.996483
1305031109.211379 0.233485 -0.0231887 0.158129 -0.0284844 0.0694347 0.0285397 0.996771
1305031109.243290 0.222275 -0.0254384 0.157956 -0.0381288 0.0665462 0.0340891 0.996472
1305031109.275308 0.208028 -0.0366764 0.156547 -0.0437157 0.0627546 0.0386074 0.996323
1305031109.311329 0.19617 -0.0320033 0.150927 -0.040042 0.0530253 0.0402134 0.996979
1305031109.343248 0.184962 -0.0285475 0.149124 -0.0420356 0.0422618 0.0386359 0.997474
1305031109.375397 0.176236 -0.0339649 0.149242 -0.0465396 0.032314 0.0386155 0.997647
1305031109.411329 0.165868 -0.0330951 0.14767 -0.0469488 0.0239852 0.0347261 0.998005
1305031109.443302 0.155114 -0.0318111 0.148436 -0.0502616 0.0177654 0.0286579 0.998167
1305031109.475363 0.145351 -0.0344403 0.149957 -0.053924 0.0140531 0.0257627 0.998114
1305031109.511273 0.133434 -0.0368897 0.149958 -0.054269 0.0110534 0.0220439 0.998222
1305031109.543294 0.123109 -0.0371086 0.147615 -0.0515532 0.00813763 0.0187185 0.998462
1305031109.575362 0.110589 -0.0355705 0.144902 -0.0509021 0.0074469 0.0183734 0.998507
1305031109.611310 0.0980904 -0.0346426 0.142654 -0.0509287 0.00539522 0.0163529 0.998554
1305031109.643229 0.0890558 -0.0325581 0.14257 -0.0511142 0.00286924 0.0155479 0.998568
1305031109.675263 0.0745241 -0.0295853 0.140675 -0.0529881 0.00269249 0.0182149 0.998425
1305031109.711312 0.0622714 -0.0258733 0.140986 -0.0549427 -0.0011488 0.0177793 0.998331
1305031109.743274 0.0514669 -0.0270857 0.142148 -0.0601886 -0.00507387 0.0168008 0.998033
1305031109.775277 0.0428512 -0.0279917 0.145459 -0.063672 -0.00833239 0.0174057 0.997784
1305031109.811371 0.0274453 -0.0239965 0.145636 -0.0647618 -0.00886961 0.0162807 0.997729
1305031109.843296 0.0153774 -0.0248255 0.146702 -0.0687998 -0.0119405 0.0157225 0.997435
1305031109.875306 0.0021277 -0.0257321 0.146656 -0.0734301 -0.0155426 0.0151667 0.997064
1305031109.911265 -0.00859691 -0.0282576 0.152315 -0.0755595 -0.0227959 0.0109584 0.99682
1305031109.943299 -0.018818 -0.0204268 0.152377 -0.0751943 -0.0269991 0.00670504 0.996781
1305031109.975258 -0.0320425 -0.0240499 0.15634 -0.0811567 -0.0294905 0.00215296 0.996263
1305031110.011256 -0.0448579 -0.0220209 0.159497 -0.0830257 -0.0323939 -0.0044462 0.996011
1305031110.043299 -0.0557955 -0.0233272 0.162226 -0.0861793 -0.0342595 -0.0113911 0.995625
1305031110.075319 -0.0690162 -0.0214843 0.163365 -0.0880876 -0.0347299 -0.0164826 0.995371
1305031110.111325 -0.0842025 -0.0211763 0.165514 -0.0928269 -0.0357502 -0.0208962 0.994821
1305031110.143432 -0.0953656 -0.0282134 0.168721 -0.0964371 -0.0401347 -0.0237707 0.994245
1305031110.175641 -0.106205 -0.0193671 0.16893 -0.0953927 -0.0438078 -0.0250098 0.994161
1305031110.211637 -0.117844 -0.0233118 0.171646 -0.100618 -0.0470921 -0.0262843 0.993462
1305031110.243323 -0.128167 -0.0278819 0.172607 -0.102458 -0.0516569 -0.0258747 0.993058
1305031110.279321 -0.135013 -0.0275627 0.17468 -0.100761 -0.0568157 -0.0259262 0.992949
1305031110.311404 -0.147479 -0.0281946 0.172471 -0.098373 -0.0595993 -0.0273518 0.992987
1305031110.343355 -0.158935 -0.0236714 0.171916 -0.0960927 -0.064178 -0.0279816 0.992907
1305031110.379281 -0.170627 -0.0237974 0.17188 -0.0952872 -0.0698959 -0.0310532 0.992507
1305031110.411469 -0.183298 -0.0163851 0.16881 -0.0929939 -0.0758893 -0.0330377 0.99222
1305031110.443260 -0.192552 -0.0140209 0.169158 -0.0969919 -0.082574 -0.0356015 0.991215
1305031110.479331 -0.206345 -0.0175223 0.17092 -0.100707 -0.0891418 -0.0414009 0.990049
1305031110.511429 -0.217815 -0.0158046 0.17196 -0.100619 -0.0967866 -0.0449259 0.989186
1305031110.543408 -0.226974 -0.00853833 0.171685 -0.100196 -0.103966 -0.047282 0.988391
1305031110.579426 -0.23326 -0.00429416 0.173461 -0.103737 -0.111621 -0.051129 0.986998
1305031110.611307 -0.239305 -0.011734 0.177532 -0.110348 -0.117012 -0.0548375 0.985456
1305031110.643418 -0.248101 -0.0135449 0.178161 -0.109195 -0.119371 -0.0577892 0.985133
1305031110.679606 -0.253585 -0.00248489 0.176809 -0.105708 -0.122427 -0.0596768 0.985026
1305031110.711412 -0.260126 -0.00490511 0.178568 -0.110073 -0.124348 -0.0609702 0.984228
1305031110.743249 -0.265373 -0.00679073 0.178456 -0.110988 -0.126261 -0.0624404 0.983789
1305031110.779193 -0.266928 -0.00454084 0.178523 -0.110272 -0.128831 -0.0628486 0.98351
1305031110.811386 -0.269881 -0.00441954 0.178113 -0.110976 -0.129196 -0.0644493 0.98328
1305031110.843218 -0.274807 -0.00453138 0.178467 -0.112594 -0.130357 -0.0667003 0.982792
1305031110.879313 -0.272142 -0.00452211 0.179102 -0.112584 -0.133547 -0.0666418 0.982369
1305031110.911333 -0.271734 -0.00292173 0.179409 -0.112831 -0.134638 -0.0670278 0.982165
1305031110.943862 -0.266495 -0.00401911 0.1795 -0.113163 -0.137857 -0.0677254 0.981633
1305031110.979345 -0.255251 -0.000252819 0.180888 -0.112066 -0.139226 -0.0674818 0.981582
1305031111.011431 -0.245821 -0.00387815 0.182052 -0.115075 -0.135727 -0.0671962 0.981744
1305031111.043327 -0.242336 -0.00362158 0.181632 -0.114157 -0.128716 -0.065167 0.982931
1305031111.079283 -0.238758 -0.000631291 0.180726 -0.115367 -0.124313 -0.0635985 0.983459
1305031111.111508 -0.229361 -0.00688834 0.182496 -0.119007 -0.122496 -0.0605002 0.983449
1305031111.143257 -0.221403 -0.00969376 0.18302 -0.11796 -0.11947 -0.0598677 0.983986
1305031111.179326 -0.206352 -0.00875276 0.183866 -0.115019 -0.117172 -0.0601304 0.984594
1305031111.211433 -0.198866 -0.00962797 0.181157 -0.11374 -0.10732 -0.0572958 0.986034
1305031111.243236 -0.197421 -0.0123418 0.18102 -0.113741 -0.101564 -0.0577019 0.98662
1305031111.279308 -0.179152 -0.0151261 0.184639 -0.110056 -0.102383 -0.0553269 0.987089
1305031111.311547 -0.175966 -0.00895768 0.178995 -0.104558 -0.0940891 -0.0521982 0.988681
1305031111.343397 -0.171846 -0.00761593 0.179236 -0.1078 -0.0949358 -0.0521204 0.988256
1305031111.379134 -0.151278 -0.0218733 0.183115 -0.111724 -0.100069 -0.0484643 0.987499
1305031111.411296 -0.147152 -0.0189451 0.178736 -0.105887 -0.0982091 -0.0476084 0.988371
1305031111.443386 -0.129332 -0.017216 0.182718 -0.10539 -0.105646 -0.0523143 0.987418
1305031111.479259 -0.104497 -0.0186242 0.189948 -0.101841 -0.102989 -0.0525532 0.988059
1305031111.511264 -0.0985668 -0.0198004 0.18515 -0.097756 -0.0890863 -0.052806 0.989808
1305031111.543250 -0.0879202 -0.0206825 0.188635 -0.0936399 -0.081516 -0.0524438 0.990877
1305031111.579237 -0.0789199 -0.0169956 0.184114 -0.0884601 -0.0696341 -0.0475941 0.992502
1305031111.611271 -0.0763517 -0.0198514 0.178911 -0.0903619 -0.0612018 -0.040637 0.993196
1305031111.643395 -0.056835 -0.0271526 0.18636 -0.0889657 -0.0639233 -0.0333869 0.99342
1305031111.679320 -0.0420625 -0.0198138 0.18321 -0.0813504 -0.0559476 -0.0256554 0.994783
1305031111.711760 -0.0291338 -0.0207608 0.184704 -0.0811549 -0.0473548 -0.0247891 0.995267
1305031111.743386 -0.0151685 -0.017377 0.194609 -0.0749089 -0.0353897 -0.0225195 0.996308
1305031111.779423 -0.00381454 -0.0173769 0.189944 -0.0715061 -0.0158711 -0.0205529 0.997102
1305031111.811406 -0.00650965 -0.0211955 0.188646 -0.0697392 0.00399628 -0.0215148 0.997325
1305031111.843299 0.00135638 -0.020478 0.184721 -0.0654654 0.0159665 -0.0206221 0.997514
1305031111.879442 0.00619307 -0.0195454 0.18239 -0.0656833 0.0254702 -0.0161073 0.997385
1305031111.911354 0.0112953 -0.0255883 0.181482 -0.0664889 0.0276428 -0.0100784 0.997353
1305031111.943300 0.0244253 -0.0217038 0.182627 -0.062805 0.0239888 -0.00145747 0.997736
1305031111.979449 0.04774 -0.0185812 0.185553 -0.060544 0.022644 0.00546135 0.997894
1305031112.011433 0.0565353 -0.0199441 0.186425 -0.0585103 0.0322019 0.00396267 0.997759
1305031112.043270 0.0658438 -0.0172116 0.187154 -0.0532282 0.0421243 0.000888134 0.997693
1305031112.079339 0.0790878 -0.0156629 0.190118 -0.050553 0.0541069 0.00137557 0.997254
1305031112.111423 0.0768712 -0.0115767 0.189124 -0.04638 0.0675944 -0.002393 0.996631
1305031112.144342 0.0888676 -0.00939234 0.195509 -0.0448032 0.0725122 -0.0105104 0.996305
1305031112.179390 0.104206 -0.0102472 0.195705 -0.0472463 0.0847359 -0.0137497 0.995188
1305031112.211254 0.108199 -0.0171566 0.201399 -0.0494663 0.0977309 -0.0178495 0.993822
1305031112.243369 0.121353 -0.0216777 0.203999 -0.0444978 0.10678 -0.022298 0.993036
1305031112.279353 0.124452 -0.0188593 0.205624 -0.0377828 0.115969 -0.0256754 0.992202
1305031112.311312 0.134207 -0.0226781 0.20858 -0.0324151 0.118439 -0.0274503 0.992052
1305031112.343323 0.143762 -0.0222315 0.209165 -0.0252493 0.119322 -0.0267722 0.992173
1305031112.379360 0.152385 -0.0216108 0.209687 -0.0205827 0.118708 -0.0234447 0.992439
1305031112.411442 0.164576 -0.0216575 0.209332 -0.0180047 0.11617 -0.0198025 0.992869
1305031112.443391 0.178385 -0.0254253 0.209025 -0.0163508 0.114556 -0.013592 0.993189
1305031112.479418 0.184767 -0.0240237 0.207926 -0.0122636 0.114348 -0.0042935 0.993356
1305031112.511504 0.192358 -0.0250819 0.208239 -0.0101556 0.111361 0.00322541 0.993723
1305031112.543212 0.203437 -0.0255954 0.207247 -0.0074995 0.107651 0.00716056 0.994135
1305031112.579252 0.211695 -0.0251362 0.206268 -0.00511967 0.104766 0.0122227 0.994409
1305031112.611261 0.227054 -0.0219783 0.205896 -0.00398782 0.102685 0.0174458 0.994553
1305031112.643246 0.234947 -0.0229386 0.207073 -0.00686549 0.109098 0.0242796 0.993711
1305031112.679952 0.23664 -0.023974 0.209548 -0.00896365 0.116478 0.0276039 0.992769
1305031112.711251 0.238589 -0.0228985 0.208594 -0.0106793 0.121154 0.0289724 0.992153
1305031112.743245 0.23919 -0.0148628 0.2073 -0.0131599 0.125234 0.0319202 0.991526
1305031112.779310 0.239168 -0.018945 0.209936 -0.0219081 0.129494 0.0362321 0.990676
1305031112.811310 0.22974 -0.0238995 0.211044 -0.0251454 0.131554 0.0360083 0.990336
1305031112.843286 0.226698 -0.0194443 0.210484 -0.0266454 0.126029 0.0339942 0.991086
1305031112.879421 0.226428 -0.0206782 0.210622 -0.0309291 0.122259 0.0363465 0.99135
1305031112.911411 0.218593 -0.0209857 0.212415 -0.0337042 0.120117 0.0394673 0.991402
1305031112.943321 0.212022 -0.0223641 0.214436 -0.0360412 0.114982 0.039016 0.991947
1305031112.979278 0.20842 -0.0227586 0.213689 -0.0369266 0.108239 0.036664 0.992762
1305031113.011353 0.203421 -0.0191817 0.212457 -0.0376287 0.104241 0.0361027 0.993184
1305031113.043231 0.194848 -0.0206798 0.212389 -0.0426812 0.102759 0.0340731 0.993206
1305031113.079251 0.183373 -0.0277514 0.211995 -0.0451475 0.100586 0.0301925 0.993445
1305031113.111316 0.174613 -0.0239917 0.208655 -0.0416054 0.094395 0.0248678 0.994354
1305031113.143306 0.167496 -0.0221691 0.205952 -0.0438771 0.0906246 0.0227114 0.994659
1305031113.179343 0.156949 -0.0279789 0.203017 -0.0481842 0.0884974 0.0254128 0.994586
1305031113.211259 0.142692 -0.0282494 0.198976 -0.0462412 0.083382 0.0268841 0.995081
1305031113.243227 0.13275 -0.0271211 0.197176 -0.0481041 0.0748516 0.0261679 0.99569
1305031113.279312 0.122935 -0.0283973 0.20166 -0.050339 0.0676749 0.0293886 0.996003
1305031113.311452 0.105695 -0.0366666 0.199495 -0.0478338 0.06144 0.0332758 0.996408
1305031113.343252 0.102966 -0.0311825 0.191984 -0.0413455 0.0457146 0.030278 0.997639
1305031113.379312 0.090182 -0.0298339 0.194198 -0.0444058 0.0357105 0.0276467 0.997992
1305031113.411625 0.0789903 -0.0346416 0.198304 -0.0451125 0.026925 0.029308 0.998189
1305031113.443266 0.0657232 -0.0301938 0.195971 -0.0420988 0.0187718 0.0234519 0.998662
1305031113.479311 0.0514454 -0.0294337 0.197831 -0.0457193 0.010924 0.01828 0.998727
1305031113.511523 0.0381787 -0.0333349 0.201608 -0.051108 0.00374698 0.0169678 0.998542
1305031113.543242 0.0255694 -0.0355731 0.205593 -0.0536231 -0.00380041 0.014547 0.998448
1305031113.579301 0.0120715 -0.0310303 0.205852 -0.0520785 -0.00959544 0.00938493 0.998553
1305031113.611268 0.00245904 -0.0319273 0.209133 -0.0554248 -0.0146185 0.00493675 0.998344
1305031113.643222 -0.00954679 -0.0301737 0.212557 -0.0575479 -0.0160521 0.00151503 0.998213
1305031113.679288 -0.0250088 -0.0317472 0.212217 -0.059048 -0.015023 -0.00218966 0.99814
1305031113.711931 -0.0358333 -0.0319173 0.215213 -0.0593745 -0.0158402 -0.00648821 0.998089
1305031113.743590 -0.0479402 -0.0301449 0.215969 -0.0581647 -0.0138678 -0.0117405 0.998142
1305031113.779320 -0.0638125 -0.0340169 0.214914 -0.0582925 -0.0106027 -0.0163736 0.998109
1305031113.811237 -0.0764578 -0.0326323 0.21463 -0.057001 -0.00992329 -0.0183514 0.998156
1305031113.843295 -0.0896974 -0.0296743 0.214616 -0.0571451 -0.0077208 -0.0214405 0.998106
1305031113.879281 -0.105808 -0.0379678 0.217148 -0.058392 -0.00690128 -0.0254576 0.997945
1305031113.911290 -0.115917 -0.0329634 0.216372 -0.0538266 -0.00925198 -0.0260818 0.998167
1305031113.943291 -0.125643 -0.0322113 0.219556 -0.0513208 -0.00849452 -0.0275419 0.998266
1305031113.979293 -0.141546 -0.0319056 0.219167 -0.048044 -0.00596133 -0.0325583 0.998297
1305031114.011257 -0.158782 -0.0294778 0.217842 -0.0441767 -0.00418436 -0.0379354 0.998294
1305031114.043301 -0.17884 -0.0301338 0.217425 -0.043239 -0.00523705 -0.0396445 0.998264
1305031114.079285 -0.19272 -0.0305911 0.217968 -0.0411236 -0.0110833 -0.0395933 0.998308
1305031114.111263 -0.205027 -0.0255601 0.219114 -0.037481 -0.017162 -0.042768 0.998234
1305031114.143284 -0.215911 -0.0252155 0.221075 -0.0376401 -0.0232093 -0.0453023 0.997994
1305031114.179337 -0.222862 -0.0288336 0.224151 -0.0361434 -0.0276735 -0.0466731 0.997872
1305031114.211303 -0.235545 -0.0184342 0.222814 -0.0315395 -0.0280827 -0.0486872 0.997921
1305031114.243337 -0.253223 -0.0202073 0.224783 -0.0346249 -0.0295054 -0.0524145 0.997589
1305031114.279390 -0.268347 -0.0187292 0.226398 -0.0339323 -0.0352951 -0.0542844 0.997324
1305031114.311429 -0.275667 -0.0160663 0.229038 -0.0346356 -0.0453302 -0.0534668 0.996939
1305031114.343331 -0.279714 -0.0159626 0.233382 -0.0357185 -0.0536636 -0.0555955 0.99637
1305031114.379320 -0.288096 -0.0175833 0.234354 -0.0360864 -0.056476 -0.0593148 0.995987
1305031114.411397 -0.301927 -0.0168479 0.234283 -0.0348841 -0.057329 -0.06389 0.995698
1305031114.443345 -0.315948 -0.0135702 0.236397 -0.0341786 -0.0606744 -0.0652985 0.995433
1305031114.479332 -0.328808 -0.0150122 0.238762 -0.0349654 -0.0672766 -0.0658816 0.994943
1305031114.511266 -0.331812 -0.010579 0.241043 -0.0340962 -0.0773474 -0.0670989 0.994159
1305031114.543236 -0.331467 -0.0137226 0.243158 -0.0381286 -0.0839588 -0.0657274 0.993568
1305031114.579237 -0.335613 -0.0149528 0.245227 -0.0395972 -0.0852246 -0.0621085 0.993635
1305031114.611391 -0.341537 -0.0114794 0.246334 -0.0409751 -0.0857537 -0.0594772 0.993695
1305031114.644136 -0.350732 -0.0115986 0.249787 -0.0458403 -0.0870547 -0.0588172 0.993409
1305031114.679251 -0.356523 -0.0146658 0.251529 -0.0494017 -0.0930706 -0.0598624 0.99263
1305031114.711306 -0.354112 -0.0173472 0.253641 -0.0506489 -0.0995497 -0.0586703 0.992009
1305031114.743200 -0.354214 -0.0197361 0.253352 -0.0502458 -0.103394 -0.0620116 0.991433
1305031114.779289 -0.351191 -0.0191214 0.251394 -0.0477107 -0.106149 -0.0648123 0.991088
1305031114.811303 -0.349595 -0.0158534 0.250061 -0.0468021 -0.106319 -0.065364 0.991077
1305031114.843208 -0.348021 -0.0167904 0.249371 -0.0471402 -0.107239 -0.0679055 0.990791
1305031114.879281 -0.342524 -0.0129352 0.249562 -0.0464972 -0.108306 -0.0673274 0.990745
1305031114.912879 -0.339059 -0.0108708 0.24931 -0.0471706 -0.108601 -0.0672972 0.990683
1305031114.943234 -0.328793 -0.00805901 0.249857 -0.0491291 -0.110129 -0.0685968 0.990329
1305031114.979280 -0.3234 -0.00518326 0.250547 -0.0507054 -0.107415 -0.0696009 0.990478
1305031115.011300 -0.315296 -0.0014336 0.251171 -0.0542408 -0.106634 -0.0704937 0.990312
1305031115.043508 -0.306022 -0.0069454 0.253838 -0.0600769 -0.104474 -0.0711573 0.990158
1305031115.079238 -0.297786 -0.00286274 0.254074 -0.0604795 -0.100668 -0.0721345 0.990457
1305031115.111230 -0.285611 -0.0017427 0.25966 -0.0637189 -0.096428 -0.0714642 0.990724
1305031115.143275 -0.278522 -0.00486711 0.262065 -0.0662606 -0.0857059 -0.0695791 0.991677
1305031115.179440 -0.274203 -0.00235785 0.26317 -0.0670781 -0.0797466 -0.0693654 0.992134
1305031115.211374 -0.257421 -0.010184 0.267855 -0.0700177 -0.0790215 -0.066399 0.992192
1305031115.243297 -0.24729 -0.013967 0.268513 -0.0663452 -0.0720084 -0.0636816 0.993155
1305031115.279966 -0.23442 -0.00720068 0.268098 -0.0632114 -0.0688603 -0.0603696 0.99379
1305031115.311704 -0.207341 -0.0171699 0.278178 -0.0662895 -0.0682527 -0.0541219 0.993991
1305031115.343235 -0.198604 -0.0150549 0.273594 -0.0616401 -0.0561432 -0.0517511 0.995173
1305031115.379166 -0.197185 -0.0125239 0.267204 -0.0660323 -0.04911 -0.0484675 0.995429
1305031115.411237 -0.180082 -0.0176461 0.274802 -0.0739256 -0.0567336 -0.0453624 0.994615
1305031115.443159 -0.15786 -0.0190367 0.27903 -0.0776785 -0.0602466 -0.0398569 0.994358
1305031115.479241 -0.145037 -0.0180962 0.279931 -0.0815854 -0.0581923 -0.0347606 0.994359
1305031115.511253 -0.10875 -0.0239326 0.288548 -0.0860686 -0.0629734 -0.0306191 0.993825
1305031115.543604 -0.0921034 -0.0237601 0.291807 -0.0850408 -0.0485365 -0.025134 0.994877
1305031115.579315 -0.0857432 -0.026566 0.284724 -0.0847149 -0.0319897 -0.0204022 0.995683
1305031115.611424 -0.0721927 -0.0284953 0.283669 -0.0839658 -0.0244023 -0.0156431 0.996047
1305031115.643254 -0.0553978 -0.0299896 0.283932 -0.0823114 -0.0174519 -0.00836438 0.996419
1305031115.679241 -0.0482808 -0.0336034 0.277481 -0.0813303 -0.010904 0.00107901 0.996627
1305031115.711320 -0.031186 -0.0289038 0.27919 -0.0785719 -0.0111304 0.00833831 0.996811
1305031115.743250 -0.0133784 -0.0288598 0.282582 -0.0776519 -0.00422211 0.0135127 0.99688
1305031115.779425 -0.00116492 -0.0298722 0.279009 -0.0749812 0.00718651 0.0188241 0.996981
1305031115.811277 0.00553553 -0.0270292 0.275972 -0.0727209 0.0207681 0.0243572 0.996839
1305031115.843224 0.0204528 -0.0301929 0.273937 -0.0755353 0.0314607 0.0310451 0.996163
1305031115.879198 0.0252664 -0.0388962 0.264507 -0.0765364 0.0428602 0.0387318 0.995392
1305031115.911118 0.0341981 -0.0339218 0.262917 -0.0716288 0.0489976 0.0424318 0.995323
1305031115.943311 0.0501093 -0.0335446 0.261877 -0.0723704 0.0557348 0.0492036 0.994603
1305031115.980740 0.0580046 -0.0292143 0.263279 -0.0718126 0.064085 0.0547213 0.993852
1305031116.011379 0.0741333 -0.024258 0.265676 -0.0722619 0.0728186 0.0580137 0.993031
1305031116.043164 0.0872674 -0.0220679 0.266751 -0.0742317 0.0857577 0.0594685 0.991765
1305031116.080030 0.0882469 -0.0157535 0.265537 -0.076129 0.10132 0.063251 0.989918
1305031116.111300 0.0915165 -0.0128823 0.269516 -0.0813135 0.115278 0.067197 0.987716
1305031116.143441 0.0886727 -0.0151531 0.273491 -0.0859808 0.130378 0.0711498 0.985163
1305031116.179572 0.0937828 -0.0116384 0.275306 -0.0864368 0.138302 0.0742329 0.983814
1305031116.211299 0.104679 -0.00976315 0.27664 -0.0896602 0.143987 0.0779266 0.982424
1305031116.243320 0.116556 -0.0181334 0.27845 -0.095426 0.150379 0.0815956 0.980623
1305031116.279385 0.126534 -0.0199684 0.277665 -0.0964506 0.159508 0.0838598 0.978888
1305031116.311336 0.128324 -0.0172784 0.278659 -0.0976735 0.171609 0.0873207 0.976415
1305031116.343292 0.131736 -0.0284278 0.280489 -0.102696 0.179969 0.0921938 0.973943
1305031116.379384 0.133201 -0.0300663 0.279904 -0.0973794 0.18466 0.0918568 0.973643
1305031116.411333 0.132649 -0.0266805 0.275296 -0.0924346 0.187627 0.0952568 0.973231
1305031116.443369 0.132518 -0.024594 0.272709 -0.0933857 0.190191 0.10448 0.971695
1305031116.479850 0.132805 -0.033089 0.274485 -0.0969551 0.191719 0.107981 0.970661
1305031116.511205 0.129335 -0.0322843 0.271454 -0.0946165 0.190694 0.104221 0.971505
1305031116.543262 0.119906 -0.0304715 0.270312 -0.0916312 0.192201 0.0991788 0.972022
1305031116.579313 0.10558 -0.028851 0.271327 -0.0913878 0.192796 0.0961082 0.972235
1305031116.611261 0.0916173 -0.0345187 0.2739 -0.0937011 0.189122 0.0903447 0.973289
1305031116.643355 0.0823989 -0.0334047 0.271305 -0.0924021 0.179284 0.0821034 0.976001
1305031116.679281 0.0744886 -0.033643 0.270276 -0.0931285 0.169559 0.0736611 0.978341
1305031116.711634 0.0615945 -0.0311859 0.268166 -0.0921204 0.164126 0.0639761 0.980043
1305031116.743291 0.0476885 -0.0285742 0.266925 -0.0934358 0.158273 0.0527761 0.981547
1305031116.779298 0.036345 -0.0288417 0.267118 -0.0968523 0.151808 0.0425744 0.982732
1305031116.811318 0.0231782 -0.0294691 0.268211 -0.0975963 0.146381 0.0347467 0.983789
1305031116.846089 0.00501324 -0.02935 0.267574 -0.0967323 0.137772 0.0278259 0.985336
1305031116.880165 -0.00636417 -0.0306615 0.267929 -0.0996156 0.124816 0.0220673 0.98692
1305031116.912044 -0.0203543 -0.034379 0.267289 -0.101685 0.112056 0.0187165 0.988308
1305031116.943296 -0.035142 -0.0326126 0.264293 -0.102603 0.0969544 0.0117463 0.989916
1305031116.979351 -0.0483333 -0.0366443 0.262065 -0.104771 0.0827081 0.00286831 0.991047
1305031117.011382 -0.0621525 -0.0358645 0.260998 -0.103814 0.0693252 -0.00646839 0.992157
1305031117.043261 -0.0756245 -0.0328051 0.259326 -0.104094 0.0580597 -0.0121907 0.992796
1305031117.079520 -0.0883373 -0.0306329 0.259085 -0.106407 0.0475125 -0.0170044 0.993041
1305031117.111238 -0.0956853 -0.0329953 0.258642 -0.110356 0.0338447 -0.016748 0.993174
1305031117.143218 -0.101605 -0.0288929 0.257677 -0.112202 0.0212529 -0.016536 0.99332
1305031117.179264 -0.108927 -0.0262788 0.260523 -0.115065 0.0111424 -0.0208029 0.993078
1305031117.211361 -0.108873 -0.0260248 0.264775 -0.117557 0.00117801 -0.0238616 0.992779
1305031117.243277 -0.109412 -0.0194492 0.267114 -0.119178 -0.00281932 -0.0255829 0.992539
1305031117.279299 -0.110683 -0.0198786 0.272191 -0.124216 -0.0030512 -0.0299565 0.991798
1305031117.311200 -0.114028 -0.02316 0.274178 -0.128711 -0.00118896 -0.0309017 0.9912
1305031117.343243 -0.116661 -0.0269395 0.275875 -0.131139 -0.0013071 -0.0312706 0.99087
1305031117.379454 -0.117212 -0.0313501 0.276646 -0.131083 -0.00170198 -0.0317232 0.990862
1305031117.411221 -0.12063 -0.0368552 0.276496 -0.130351 -0.00223905 -0.0306182 0.990992
1305031117.443274 -0.119892 -0.0386869 0.276512 -0.126791 -0.00442944 -0.0294743 0.991482
1305031117.479403 -0.121595 -0.0447411 0.276773 -0.12543 -0.00483286 -0.0278264 0.9917
1305031117.511325 -0.121681 -0.0519967 0.278876 -0.122665 -0.00665541 -0.0258721 0.992089
1305031117.544285 -0.122805 -0.0562295 0.278017 -0.1173 -0.00729592 -0.0256892 0.992737
1305031117.579155 -0.125314 -0.0619512 0.278184 -0.114342 -0.00821501 -0.0275578 0.993025
1305031117.611159 -0.12616 -0.0667603 0.280969 -0.112713 -0.00984734 -0.0269171 0.993214
1305031117.643252 -0.126855 -0.0746167 0.283847 -0.111254 -0.0119623 -0.0257988 0.993385
1305031117.679262 -0.128004 -0.0792215 0.286304 -0.110344 -0.0143401 -0.0251824 0.993471
1305031117.711184 -0.126925 -0.08865 0.291797 -0.111453 -0.017418 -0.0229409 0.993352
1305031117.743184 -0.127481 -0.0982111 0.296374 -0.11159 -0.0194214 -0.0197928 0.993367
1305031117.779467 -0.127759 -0.102819 0.300266 -0.11022 -0.0218327 -0.0174687 0.993514
1305031117.811320 -0.125705 -0.113844 0.308274 -0.111908 -0.0246855 -0.0151763 0.993296
1305031117.843291 -0.120968 -0.122398 0.314494 -0.109442 -0.0261904 -0.0142401 0.993546
1305031117.879451 -0.121595 -0.127718 0.318746 -0.107035 -0.0230014 -0.0142888 0.993886
1305031117.911407 -0.123676 -0.138459 0.324458 -0.106901 -0.0205962 -0.0145088 0.99395
1305031117.943253 -0.12312 -0.143761 0.329423 -0.104585 -0.0190517 -0.0146723 0.994225
1305031117.979228 -0.125891 -0.149997 0.334147 -0.10549 -0.0165874 -0.0152801 0.994165
1305031118.011228 -0.125007 -0.161663 0.343268 -0.10793 -0.0168922 -0.0151421 0.9939
1305031118.043521 -0.124963 -0.17065 0.348689 -0.106877 -0.0156531 -0.0150143 0.994036
1305031118.079334 -0.123851 -0.177465 0.354939 -0.106154 -0.0149659 -0.0163808 0.994102
1305031118.111217 -0.120525 -0.186677 0.363233 -0.105451 -0.0120054 -0.0175446 0.994197
1305031118.143256 -0.125016 -0.195288 0.366219 -0.103751 -0.00594422 -0.0197434 0.99439
1305031118.179323 -0.124478 -0.206377 0.372695 -0.103759 -0.00357343 -0.0217305 0.994359
1305031118.211202 -0.129052 -0.218089 0.376007 -0.101206 0.000371551 -0.0210935 0.994642
1305031118.243173 -0.130675 -0.225771 0.379556 -0.0976901 -0.000419195 -0.0213725 0.994987
1305031118.279194 -0.127839 -0.238578 0.385617 -0.095161 -0.00184295 -0.0217426 0.995223
1305031118.311299 -0.129441 -0.245311 0.388021 -0.088071 -0.0016963 -0.0224964 0.995859
1305031118.343324 -0.125723 -0.249451 0.392452 -0.0828856 -0.00204027 -0.0233653 0.996283
1305031118.379208 -0.130741 -0.256979 0.394232 -0.0788921 0.00104162 -0.02525 0.996563
1305031118.411296 -0.131692 -0.257925 0.396019 -0.0750128 -0.000654682 -0.0250623 0.996867
1305031118.445692 -0.128444 -0.259805 0.399952 -0.0742535 -0.00177255 -0.0219912 0.996995
1305031118.479285 -0.129702 -0.264292 0.401394 -0.0743473 -0.00160158 -0.019906 0.997032
1305031118.511255 -0.126548 -0.260313 0.402465 -0.071142 -0.00270133 -0.0183349 0.997294
1305031118.544414 -0.126448 -0.253679 0.402286 -0.0709759 -0.00183334 -0.0192083 0.997291
1305031118.579285 -0.123416 -0.252012 0.403749 -0.0732495 -0.00168571 -0.0192221 0.997127
1305031118.616142 -0.120843 -0.245714 0.403079 -0.0730137 -0.000409258 -0.0210292 0.997109
1305031118.645325 -0.123283 -0.236995 0.399852 -0.0731607 0.00263736 -0.024092 0.997026
1305031118.679295 -0.12551 -0.232833 0.397196 -0.0772476 0.00465966 -0.0259433 0.996663
1305031118.711421 -0.128285 -0.231889 0.394994 -0.0798039 0.00503613 -0.029338 0.996366
1305031118.746770 -0.134105 -0.219051 0.388161 -0.0760065 0.00452891 -0.0292825 0.996667
1305031118.779277 -0.12914 -0.197435 0.381297 -0.0747258 -0.000754242 -0.028229 0.996804
1305031118.811221 -0.124755 -0.198754 0.381686 -0.0820395 -0.00446507 -0.029693 0.996177
1305031118.846753 -0.11956 -0.189221 0.377117 -0.0779662 -0.00609525 -0.0283607 0.996534
1305031118.879208 -0.119738 -0.164798 0.366208 -0.0729554 -0.00344644 -0.0301278 0.996874
1305031118.911177 -0.121752 -0.16116 0.361291 -0.0775906 -0.00169213 -0.032918 0.99644
1305031118.946974 -0.1214 -0.148813 0.352785 -0.0762408 -0.000512037 -0.0341565 0.996504
1305031118.979374 -0.125035 -0.132349 0.344096 -0.0757807 0.00153725 -0.0383264 0.996386
1305031119.011363 -0.126625 -0.124221 0.336512 -0.0804759 0.0016103 -0.0407 0.995924
1305031119.047172 -0.128076 -0.116891 0.329913 -0.0834268 0.00123737 -0.0412129 0.995661
1305031119.079223 -0.131089 -0.107171 0.32241 -0.0840123 -0.000272716 -0.041237 0.995611
1305031119.111328 -0.131222 -0.0984415 0.315092 -0.0847701 -0.0040701 -0.0403129 0.995576
1305031119.147616 -0.133534 -0.086301 0.305967 -0.0843464 -0.00677827 -0.0388538 0.995656
1305031119.179226 -0.132033 -0.0820214 0.301495 -0.0863002 -0.0118967 -0.0384979 0.995454
1305031119.211364 -0.129759 -0.0701046 0.294776 -0.0828396 -0.0145631 -0.0371819 0.995763
1305031119.247399 -0.130568 -0.0592306 0.288246 -0.0819145 -0.0155327 -0.0360028 0.995868
1305031119.279212 -0.129488 -0.0495453 0.283084 -0.0817677 -0.0169784 -0.0359351 0.995859
1305031119.311212 -0.130337 -0.0421309 0.277196 -0.0823397 -0.0170329 -0.0335509 0.995894
1305031119.347741 -0.131549 -0.0352512 0.272029 -0.0820755 -0.018458 -0.0310092 0.995973
1305031119.379239 -0.130166 -0.0218107 0.266628 -0.0802583 -0.0212191 -0.0303197 0.996087
1305031119.411484 -0.126647 -0.0136406 0.26457 -0.0815306 -0.0222661 -0.0298605 0.995975
1305031119.447706 -0.12652 -0.0053063 0.260952 -0.0825371 -0.0197617 -0.0294845 0.995956
1305031119.479267 -0.128341 0.0063336 0.254716 -0.0804082 -0.0170332 -0.030616 0.996146
1305031119.511240 -0.131229 0.0157233 0.249302 -0.0821668 -0.014926 -0.0301668 0.99605
1305031119.547382 -0.131172 0.0266983 0.245337 -0.0832065 -0.0149806 -0.0286592 0.996007
1305031119.579559 -0.129201 0.0418145 0.242327 -0.0838115 -0.0144751 -0.028756 0.995961
1305031119.615017 -0.130794 0.0471904 0.239436 -0.089196 -0.0120402 -0.0281234 0.995544
1305031119.647903 -0.132024 0.0603297 0.235181 -0.0910279 -0.0110897 -0.0273719 0.99541
1305031119.679208 -0.128104 0.0733164 0.234723 -0.0945497 -0.0104239 -0.0290604 0.995041
1305031119.715232 -0.128409 0.0795535 0.233403 -0.10176 -0.00576927 -0.0267147 0.994433
1305031119.747193 -0.131326 0.0845498 0.228962 -0.107007 -0.00327894 -0.0217067 0.994016
1305031119.779169 -0.131564 0.0933546 0.227582 -0.110172 -0.00491284 -0.0191406 0.993716
1305031119.814537 -0.128079 0.102506 0.227482 -0.11233 -0.00723451 -0.014552 0.993538
1305031119.847429 -0.126575 0.110902 0.225882 -0.115219 -0.00664811 -0.0103032 0.993264
1305031119.879214 -0.125262 0.114893 0.225404 -0.117298 -0.00558216 -0.0092711 0.993038
1305031119.911401 -0.127654 0.127538 0.218296 -0.115303 -0.00245335 -0.00977856 0.993279
1305031119.947392 -0.127083 0.134158 0.217774 -0.120092 -0.00112526 -0.00949412 0.992717
1305031119.979537 -0.125441 0.137927 0.21731 -0.12336 0.00127015 -0.0107098 0.992303
1305031120.015264 -0.128018 0.147352 0.210238 -0.126396 0.00592674 -0.0104128 0.991908
1305031120.047290 -0.127477 0.14304 0.211178 -0.137422 0.00591387 -0.00775909 0.990464
1305031120.079418 -0.127877 0.142273 0.210047 -0.139852 0.00384488 -0.005264 0.990151
1305031120.115232 -0.128194 0.146773 0.209406 -0.139943 0.00152021 -0.00341332 0.990152
1305031120.148157 -0.125504 0.144002 0.213514 -0.14285 -0.000543823 -0.00203895 0.989742
1305031120.179246 -0.12371 0.140816 0.216322 -0.141921 -0.000805131 0.00147005 0.989877
1305031120.215249 -0.124558 0.137288 0.216323 -0.137095 -0.000425024 0.00164387 0.990556
1305031120.248003 -0.123903 0.132404 0.21715 -0.133487 -0.000756962 -0.00111322 0.99105
1305031120.279430 -0.123192 0.126566 0.220489 -0.130365 -0.000482314 -0.00304394 0.991461
1305031120.315196 -0.123358 0.118947 0.223134 -0.128013 -0.000128969 -0.00525027 0.991759
1305031120.347787 -0.122934 0.1119 0.226803 -0.124107 7.19344e-05 -0.00707302 0.992244
1305031120.379437 -0.122068 0.101651 0.232365 -0.123431 -0.000642353 -0.00676356 0.99233
1305031120.415445 -0.120946 0.0860477 0.239903 -0.119424 -0.00168678 -0.00646283 0.992821
1305031120.447417 -0.122736 0.0842385 0.240599 -0.109392 -0.00135151 -0.00723348 0.993971
1305031120.479432 -0.120029 0.070165 0.248868 -0.108487 -0.00325302 -0.00597193 0.994075
1305031120.514819 -0.121717 0.0600403 0.253866 -0.101733 -0.00427851 -0.00432779 0.994793
1305031120.547736 -0.12162 0.0534679 0.257849 -0.0941626 -0.00736053 -0.00252164 0.995526
1305031120.579551 -0.123038 0.0464452 0.261381 -0.0901743 -0.0105318 0.000392079 0.99587
1305031120.615236 -0.121091 0.0373002 0.26895 -0.0870495 -0.0155131 0.00351098 0.996077
1305031120.647354 -0.119454 0.0306845 0.273935 -0.0812903 -0.0187716 0.00372676 0.996507
1305031120.679318 -0.117475 0.025116 0.280383 -0.0779702 -0.0209558 0.0048213 0.996724
1305031120.714522 -0.116949 0.0176782 0.284901 -0.0754488 -0.0215502 0.00567346 0.996901
1305031120.747369 -0.117684 0.00824919 0.289793 -0.0745952 -0.0234322 0.00623893 0.996919
1305031120.779894 -0.114293 -0.00138919 0.296746 -0.0725718 -0.0267938 0.00646367 0.996982
1305031120.814944 -0.115103 -0.0066137 0.298005 -0.068724 -0.0265102 0.00552682 0.997268
1305031120.847921 -0.114686 -0.0161856 0.303683 -0.0699121 -0.0277784 0.00401012 0.997158
1305031120.883435 -0.111924 -0.0253417 0.309238 -0.0674754 -0.0284437 0.00258028 0.997312
1305031120.915444 -0.113463 -0.0310878 0.310325 -0.0652012 -0.0263539 0.000381553 0.997524
1305031120.947488 -0.114444 -0.0404293 0.314699 -0.0654826 -0.0258191 -0.00149329 0.997519
1305031120.983366 -0.11574 -0.0496598 0.317628 -0.0651497 -0.0253978 -0.00368178 0.997545
1305031121.015019 -0.115198 -0.0585889 0.321611 -0.0633861 -0.0264448 -0.00496441 0.997626
1305031121.047498 -0.116361 -0.0636581 0.323764 -0.061758 -0.0259327 -0.0059352 0.997737
1305031121.083099 -0.117876 -0.0782681 0.326638 -0.0624033 -0.0267451 -0.00707892 0.997667
1305031121.114696 -0.117335 -0.0849062 0.329329 -0.0591241 -0.0284366 -0.0069323 0.997821
1305031121.147331 -0.118144 -0.0927583 0.332018 -0.0571264 -0.0289291 -0.00738955 0.99792
1305031121.183271 -0.118004 -0.101423 0.335476 -0.0551473 -0.0305467 -0.00786594 0.99798
1305031121.211420 -0.114347 -0.110383 0.341321 -0.0526841 -0.03172 -0.007812 0.998077
1305031121.247194 -0.117949 -0.11749 0.341568 -0.0503905 -0.0290729 -0.00873887 0.998268
1305031121.282876 -0.117936 -0.128967 0.346026 -0.0512942 -0.0306557 -0.00758483 0.998184
1305031121.313568 -0.116243 -0.140231 0.350719 -0.0491123 -0.0313622 -0.00670064 0.998278
1305031121.347517 -0.119619 -0.147203 0.352348 -0.0468172 -0.031494 -0.00571947 0.99839
1305031121.383226 -0.115152 -0.157782 0.359535 -0.0455856 -0.0345582 -0.00435297 0.998353
1305031121.414318 -0.115848 -0.165043 0.36119 -0.0405795 -0.0333427 -0.0057272 0.998603
1305031121.447319 -0.1147 -0.170465 0.36558 -0.0386347 -0.0334974 -0.00447992 0.998682
1305031121.482964 -0.112379 -0.184608 0.372341 -0.0384253 -0.0321516 -0.00317116 0.998739
1305031121.514107 -0.116838 -0.188186 0.371696 -0.0337591 -0.0290665 -0.0026475 0.999004
1305031121.547270 -0.115718 -0.192588 0.374927 -0.0342527 -0.0295027 -0.00184939 0.998976
1305031121.583204 -0.114696 -0.206609 0.380388 -0.0373335 -0.0285783 -0.00275628 0.99889
1305031121.614700 -0.112948 -0.214272 0.383736 -0.0360423 -0.0274372 -0.00386883 0.998966
1305031121.647183 -0.112033 -0.217318 0.387493 -0.0343801 -0.0235986 -0.00645617 0.999109
1305031121.683200 -0.115785 -0.2257 0.390451 -0.0371623 -0.0188877 -0.00791908 0.999099
1305031121.714520 -0.119042 -0.232987 0.392185 -0.0376327 -0.0172863 -0.00690068 0.999118
1305031121.747145 -0.118979 -0.23683 0.395206 -0.0390186 -0.017219 -0.00645491 0.999069
1305031121.782835 -0.118978 -0.244758 0.399031 -0.0412052 -0.0167204 -0.004454 0.999001
1305031121.811540 -0.116315 -0.247068 0.402983 -0.041711 -0.016238 -0.00222551 0.998995
1305031121.847335 -0.118462 -0.249481 0.404276 -0.0433108 -0.0136841 0.000749173 0.998968
1305031121.882060 -0.120474 -0.252396 0.40482 -0.045628 -0.01267 0.00656792 0.998857
1305031121.914931 -0.120587 -0.253917 0.40444 -0.0476585 -0.0144412 0.00882127 0.99872
1305031121.947288 -0.11635 -0.252712 0.406904 -0.0472983 -0.0179223 0.0091151 0.998678
1305031121.982926 -0.114336 -0.245172 0.407145 -0.0458782 -0.018235 0.00902203 0.99874
1305031122.014256 -0.116656 -0.245042 0.404972 -0.0475085 -0.0174859 0.00662773 0.998696
1305031122.047306 -0.115957 -0.238583 0.402065 -0.0458835 -0.0192055 0.00306061 0.998757
1305031122.082959 -0.114522 -0.232567 0.399862 -0.0453923 -0.0201831 -0.000323162 0.998765
1305031122.114672 -0.115163 -0.221155 0.3952 -0.0432458 -0.0201919 -0.00364427 0.998854
1305031122.150725 -0.114671 -0.215379 0.391078 -0.0449404 -0.0206559 -0.00889661 0.998736
1305031122.183042 -0.113568 -0.205021 0.385894 -0.0430897 -0.0199398 -0.0138367 0.998776
1305031122.214959 -0.116502 -0.182656 0.377471 -0.0427398 -0.0175393 -0.0189846 0.998752
1305031122.251319 -0.119136 -0.181743 0.374411 -0.0511472 -0.0162001 -0.0227633 0.9983
1305031122.283560 -0.123769 -0.166719 0.366578 -0.0504149 -0.0156505 -0.025068 0.998291
1305031122.314289 -0.126542 -0.150537 0.358538 -0.0554179 -0.0171603 -0.0291917 0.997889
1305031122.351327 -0.126687 -0.14407 0.354278 -0.0630302 -0.0196852 -0.0317665 0.997312
1305031122.382630 -0.130547 -0.132194 0.346483 -0.0675405 -0.0205608 -0.0325546 0.996973
1305031122.414997 -0.132264 -0.127192 0.340836 -0.0728939 -0.0245505 -0.0328612 0.996496
1305031122.451257 -0.132354 -0.115787 0.333621 -0.0745253 -0.0293488 -0.0312938 0.996296
1305031122.483360 -0.132001 -0.108242 0.327606 -0.0785794 -0.0344923 -0.0307218 0.995837
1305031122.515097 -0.129971 -0.0975391 0.322523 -0.0797302 -0.0393037 -0.0316846 0.995537
1305031122.551490 -0.126914 -0.0877019 0.317392 -0.0815046 -0.0412749 -0.0330934 0.995268
1305031122.583208 -0.127664 -0.0804593 0.311442 -0.0838664 -0.0398066 -0.0347357 0.995076
1305031122.614980 -0.131791 -0.0747642 0.304809 -0.0857682 -0.0386844 -0.0342356 0.994975
1305031122.648788 -0.13155 -0.0645555 0.298428 -0.0843489 -0.0407811 -0.0333717 0.995042
1305031122.683402 -0.131947 -0.0549661 0.29203 -0.084095 -0.0418682 -0.0321383 0.995059
1305031122.715208 -0.134343 -0.0460932 0.28614 -0.0844088 -0.0438199 -0.0293385 0.995035
1305031122.751298 -0.131771 -0.0318701 0.281734 -0.0831054 -0.0474403 -0.0284114 0.995005
1305031122.783423 -0.13059 -0.0195084 0.276462 -0.0859754 -0.0480031 -0.0292303 0.994711
1305031122.812555 -0.128235 -0.0130707 0.27717 -0.0922504 -0.0482663 -0.0294938 0.994128
1305031122.851418 -0.124267 -0.00441841 0.276247 -0.0944275 -0.0457781 -0.0316009 0.993976
1305031122.883754 -0.126112 0.00457734 0.271481 -0.097597 -0.0387596 -0.0319411 0.993958
1305031122.914571 -0.128047 0.00793827 0.268772 -0.102773 -0.0358267 -0.0303945 0.993595
1305031122.951341 -0.128373 0.015364 0.266231 -0.103747 -0.0351269 -0.0296734 0.99354
1305031122.982815 -0.130148 0.0253728 0.261494 -0.1047 -0.0345359 -0.0262871 0.993556
1305031123.015450 -0.128264 0.0303345 0.260264 -0.108036 -0.0364705 -0.0225718 0.993221
1305031123.051827 -0.127094 0.0368567 0.258313 -0.107694 -0.036493 -0.0209732 0.993293
1305031123.082975 -0.128116 0.0483323 0.252786 -0.106033 -0.0350895 -0.018726 0.993567
1305031123.113873 -0.127785 0.0580074 0.250037 -0.10883 -0.0340234 -0.0163292 0.993344
1305031123.150822 -0.128208 0.0653272 0.24841 -0.112095 -0.0332786 -0.0157461 0.993015
1305031123.182155 -0.124801 0.0776019 0.247369 -0.113437 -0.032771 -0.0153078 0.992887
1305031123.214704 -0.124431 0.0868608 0.245813 -0.118 -0.0281019 -0.0158534 0.992489
1305031123.250618 -0.125682 0.0984647 0.241131 -0.122972 -0.0235724 -0.0177508 0.991971
1305031123.282347 -0.124006 0.106652 0.242664 -0.132039 -0.0211161 -0.0148816 0.990908
1305031123.311327 -0.122192 0.112908 0.243267 -0.138793 -0.0177003 -0.0140878 0.990063
1305031123.350481 -0.121493 0.119008 0.242748 -0.144749 -0.013587 -0.0142356 0.989273
1305031123.382255 -0.119452 0.126649 0.242484 -0.149735 -0.00946177 -0.0112409 0.988617
1305031123.411363 -0.118204 0.12912 0.241522 -0.155388 -0.00500136 -0.00883189 0.987801
1305031123.451255 -0.118957 0.136197 0.236487 -0.157674 -0.00167193 -0.00812192 0.987456
1305031123.483594 -0.116731 0.14418 0.234987 -0.161787 -0.000361335 -0.00401332 0.986818
1305031123.511360 -0.115823 0.147119 0.233159 -0.166928 0.00133988 -0.000780167 0.985968
1305031123.551513 -0.115177 0.154025 0.229511 -0.168512 0.00146097 0.0011285 0.985698
1305031123.579583 -0.111779 0.160279 0.230117 -0.17119 0.000554942 0.00434608 0.985228
1305031123.611335 -0.111325 0.170063 0.225137 -0.170713 0.00257805 0.00514999 0.985304
1305031123.652411 -0.109276 0.177799 0.224457 -0.174318 0.00415609 0.00490327 0.984669
1305031123.683753 -0.108504 0.185051 0.223455 -0.177592 0.0078512 0.00529009 0.984059
1305031123.711323 -0.107483 0.189933 0.22211 -0.182373 0.0114607 0.00612643 0.983144
1305031123.751723 -0.104345 0.189005 0.222874 -0.188444 0.0120204 0.00883446 0.981971
1305031123.783858 -0.104163 0.189923 0.221383 -0.191004 0.0117131 0.0108011 0.98146
1305031123.811608 -0.103384 0.191808 0.221038 -0.191777 0.0111842 0.0116218 0.981306
1305031123.851444 -0.102577 0.191267 0.22129 -0.193498 0.0107475 0.0140978 0.98094
1305031123.883786 -0.100725 0.186 0.222983 -0.195792 0.00825546 0.0159085 0.980482
1305031123.911243 -0.100056 0.185127 0.222923 -0.191912 0.00636062 0.014933 0.981278
1305031123.951442 -0.104124 0.18515 0.22012 -0.190625 0.00843545 0.0156507 0.981502
1305031123.983415 -0.102248 0.174476 0.225431 -0.196316 0.00491805 0.0196459 0.980332
1305031124.011302 -0.10238 0.168397 0.228149 -0.191313 0.000856508 0.0195549 0.981334
1305031124.051505 -0.104469 0.167173 0.228468 -0.18479 -0.00108576 0.0190418 0.982593
1305031124.083837 -0.10253 0.160236 0.234193 -0.184712 -0.00515821 0.0208056 0.982559
1305031124.111331 -0.0998687 0.150739 0.24005 -0.179324 -0.00968985 0.0201323 0.983536
1305031124.147446 -0.0991512 0.146382 0.24054 -0.172522 -0.011291 0.0163879 0.984805
1305031124.182694 -0.0978846 0.136947 0.247312 -0.172686 -0.0135084 0.0154306 0.984763
1305031124.211396 -0.0945381 0.124525 0.25422 -0.168264 -0.0166729 0.0138147 0.985504
1305031124.249327 -0.0980994 0.116797 0.252426 -0.162609 -0.0159456 0.0127667 0.986479
1305031124.282545 -0.0990214 0.10846 0.25509 -0.162356 -0.0198907 0.012888 0.986448
1305031124.311361 -0.0964704 0.096649 0.262615 -0.159756 -0.0253501 0.014534 0.986724
1305031124.350354 -0.0974586 0.0910796 0.263468 -0.153145 -0.028101 0.0135674 0.987711
1305031124.382420 -0.0962037 0.0809226 0.268515 -0.149972 -0.0310219 0.0125357 0.988124
1305031124.411439 -0.0957376 0.0712276 0.272796 -0.14453 -0.0327424 0.0123371 0.988882
1305031124.450245 -0.0962353 0.0614601 0.275289 -0.137364 -0.0337671 0.0101315 0.989893
1305031124.480099 -0.0973658 0.0490781 0.278208 -0.131706 -0.0345651 0.0073886 0.990658
1305031124.511324 -0.0992403 0.0422065 0.279737 -0.123589 -0.0355886 0.00521225 0.991681
1305031124.550437 -0.0998327 0.0318664 0.282865 -0.119452 -0.0372583 0.00270239 0.992137
1305031124.579404 -0.100584 0.0202078 0.287633 -0.11591 -0.0397242 0.000316596 0.992465
1305031124.611358 -0.10013 0.0112482 0.292499 -0.109994 -0.0425805 -0.00142614 0.993019
1305031124.651271 -0.100656 0.00176337 0.296612 -0.105748 -0.0447791 -0.00293764 0.99338
1305031124.679362 -0.0989109 -0.00844464 0.304518 -0.10134 -0.0475632 -0.00455092 0.993704
1305031124.711251 -0.0988282 -0.0162527 0.308701 -0.0958059 -0.0477153 -0.00651695 0.994234
1305031124.749890 -0.0997879 -0.028528 0.31417 -0.0939653 -0.0475933 -0.00809832 0.994404
1305031124.779365 -0.100265 -0.0376394 0.319776 -0.0895948 -0.0488833 -0.00883212 0.994739
1305031124.811360 -0.100018 -0.0476863 0.325144 -0.0872964 -0.049976 -0.00903481 0.994887
1305031124.850535 -0.10007 -0.0586241 0.333312 -0.0868869 -0.051481 -0.00939381 0.994843
1305031124.879355 -0.0961171 -0.0688075 0.342894 -0.0841513 -0.0530848 -0.0096934 0.994991
1305031124.911448 -0.0975695 -0.0752948 0.347881 -0.081541 -0.0499328 -0.0101426 0.995367
1305031124.950730 -0.0974763 -0.0842111 0.356146 -0.0837711 -0.048768 -0.0101707 0.995239
1305031124.979438 -0.0992389 -0.101821 0.362659 -0.0840319 -0.0471155 -0.00879482 0.99531
1305031125.011454 -0.103172 -0.11053 0.365685 -0.0786868 -0.0481812 -0.00807266 0.995702
1305031125.050763 -0.0979441 -0.110745 0.373216 -0.0738318 -0.0522772 -0.0064893 0.995878
1305031125.079364 -0.0990977 -0.123048 0.379415 -0.0754864 -0.0506699 -0.00376329 0.995851
1305031125.111364 -0.100873 -0.13537 0.384825 -0.0751621 -0.0512344 -0.00244633 0.995851
1305031125.151013 -0.0972418 -0.140494 0.391144 -0.0699558 -0.0530979 -0.00403167 0.996128
1305031125.179353 -0.0995677 -0.142695 0.39377 -0.068882 -0.0497138 -0.0036619 0.996379
1305031125.211320 -0.101008 -0.156189 0.399803 -0.0732939 -0.0481349 -0.00351082 0.996142
1305031125.250632 -0.103054 -0.166974 0.404768 -0.0712339 -0.047723 -0.0061476 0.996298
1305031125.279467 -0.103398 -0.169914 0.406897 -0.0672766 -0.0477171 -0.00701802 0.996568
1305031125.311493 -0.102968 -0.180516 0.413328 -0.0679332 -0.0463223 -0.00639737 0.996593
1305031125.348880 -0.105403 -0.185188 0.414808 -0.0632797 -0.0447463 -0.00992729 0.996943
1305031125.379401 -0.100751 -0.187194 0.421258 -0.0624716 -0.044576 -0.0136575 0.996957
1305031125.411335 -0.101098 -0.190749 0.424814 -0.0619566 -0.0379392 -0.0144968 0.997252
1305031125.451195 -0.104486 -0.197989 0.428952 -0.065579 -0.0318156 -0.017065 0.997194
1305031125.479424 -0.104323 -0.207329 0.432927 -0.06583 -0.0280724 -0.0188499 0.997258
1305031125.511316 -0.105113 -0.205791 0.4334 -0.0639942 -0.0241311 -0.0195209 0.997467
1305031125.551020 -0.104646 -0.207647 0.435214 -0.064634 -0.0213195 -0.0212647 0.997455
1305031125.579308 -0.103332 -0.209625 0.437193 -0.0662288 -0.0183562 -0.0236556 0.997355
1305031125.611533 -0.105993 -0.217536 0.436549 -0.0670948 -0.0140833 -0.0242767 0.997352
1305031125.650575 -0.111825 -0.219752 0.432633 -0.0625973 -0.0121465 -0.0214911 0.997734
1305031125.679328 -0.115498 -0.211142 0.425374 -0.0568823 -0.015349 -0.0203482 0.998055
1305031125.711443 -0.110876 -0.212187 0.424989 -0.0561204 -0.0224088 -0.01792 0.998012
1305031125.751260 -0.10867 -0.198096 0.417911 -0.0489629 -0.0251029 -0.0159956 0.998357
1305031125.779348 -0.106946 -0.191635 0.41444 -0.0494126 -0.0267391 -0.0187896 0.998244
1305031125.811573 -0.10518 -0.181025 0.409329 -0.0482928 -0.0263628 -0.0194305 0.998296
1305031125.847412 -0.106617 -0.175474 0.404993 -0.0511736 -0.0243976 -0.0217583 0.998155
1305031125.879318 -0.111127 -0.166155 0.397287 -0.0506313 -0.0235019 -0.0227176 0.998182
1305031125.911305 -0.115937 -0.153563 0.390294 -0.0533737 -0.0251846 -0.0215367 0.998025
1305031125.947343 -0.118748 -0.150042 0.386301 -0.0580084 -0.0312444 -0.0188697 0.997649
1305031125.979324 -0.117902 -0.139955 0.378103 -0.0583608 -0.03852 -0.0154075 0.997433
1305031126.011333 -0.112708 -0.12835 0.37466 -0.0605538 -0.0455903 -0.0149501 0.997011
1305031126.047324 -0.107772 -0.115709 0.370734 -0.0633377 -0.0481637 -0.014304 0.996727
1305031126.079356 -0.106921 -0.103844 0.367171 -0.0677619 -0.0466947 -0.013609 0.996515
1305031126.111370 -0.10541 -0.0958385 0.365853 -0.0727006 -0.0463749 -0.0141592 0.996174
1305031126.147432 -0.105139 -0.080332 0.360867 -0.074406 -0.0449544 -0.0123653 0.996138
1305031126.179384 -0.105696 -0.0689764 0.356076 -0.0816721 -0.044779 -0.0116875 0.995584
1305031126.211319 -0.103375 -0.0612303 0.355961 -0.0876136 -0.0459689 -0.0110088 0.995032
1305031126.247298 -0.102366 -0.0478618 0.350386 -0.0904356 -0.0447144 -0.0112911 0.994834
1305031126.279363 -0.101281 -0.0365492 0.348447 -0.0950707 -0.043347 -0.0120117 0.994454
1305031126.311332 -0.0990991 -0.0223897 0.345769 -0.0989695 -0.0410381 -0.0134535 0.994153
1305031126.347363 -0.099995 -0.0149682 0.342949 -0.104833 -0.0369162 -0.0153373 0.993686
1305031126.379423 -0.101724 -0.00651835 0.337856 -0.109446 -0.0333431 -0.0168243 0.993291
1305031126.411465 -0.102052 0.00420113 0.333955 -0.114131 -0.0317711 -0.0184175 0.992787
1305031126.447361 -0.102179 0.0106439 0.331544 -0.119774 -0.0303509 -0.0175136 0.992183
1305031126.479533 -0.103459 0.0184442 0.326425 -0.122531 -0.0299152 -0.0148015 0.991903
1305031126.511410 -0.103227 0.0314103 0.320883 -0.124839 -0.0315209 -0.0128896 0.991592
1305031126.547374 -0.0988254 0.0420444 0.321787 -0.130522 -0.0337851 -0.0113974 0.990804
1305031126.579454 -0.0972596 0.049398 0.318855 -0.135433 -0.0318522 -0.00947167 0.990229
1305031126.611528 -0.0972351 0.0563324 0.316331 -0.141336 -0.029849 -0.00807435 0.989479
1305031126.647376 -0.0943025 0.0601769 0.318443 -0.146695 -0.0292388 -0.00517355 0.988736
1305031126.679479 -0.0936989 0.0650987 0.314733 -0.148914 -0.0267102 -0.000961476 0.988489
1305031126.711583 -0.0919056 0.0705202 0.312149 -0.151995 -0.0255772 0.00185045 0.988048
1305031126.747316 -0.0895558 0.0709567 0.311646 -0.154786 -0.024527 0.00555672 0.987628
1305031126.779379 -0.0895913 0.0763545 0.307033 -0.153925 -0.022965 0.00810319 0.987782
1305031126.811602 -0.0860919 0.0813646 0.307123 -0.153857 -0.0221505 0.00884334 0.987805
1305031126.847343 -0.0854166 0.0845225 0.303834 -0.154098 -0.0181641 0.00906838 0.987847
1305031126.879357 -0.0847809 0.0864512 0.30095 -0.15504 -0.0162067 0.00976505 0.987727
1305031126.911364 -0.0832558 0.0880864 0.300017 -0.155155 -0.0145245 0.00906389 0.987742
1305031126.947437 -0.0844029 0.0880655 0.296712 -0.156376 -0.0125405 0.0107121 0.98756
1305031126.979337 -0.083685 0.0866917 0.296085 -0.15754 -0.0136626 0.0126552 0.987337
1305031127.011371 -0.0828454 0.0869509 0.296401 -0.155869 -0.0149699 0.0129982 0.987579
1305031127.047297 -0.0827278 0.0877505 0.295117 -0.154616 -0.0151255 0.0139509 0.98776
1305031127.079299 -0.0837363 0.0866584 0.29524 -0.155296 -0.0150872 0.0143952 0.987648
1305031127.111435 -0.085162 0.0840496 0.294845 -0.155554 -0.0166307 0.0155203 0.987565
1305031127.147307 -0.0854556 0.0825959 0.296705 -0.154162 -0.020118 0.0168456 0.987697
1305031127.179349 -0.085943 0.0815511 0.296186 -0.151819 -0.0227692 0.0159353 0.988018
1305031127.211700 -0.08448 0.0809404 0.299357 -0.150797 -0.0250523 0.0157762 0.988121
1305031127.247374 -0.0843871 0.0773647 0.301641 -0.149336 -0.0252846 0.0153068 0.988345
1305031127.279465 -0.0855671 0.0766013 0.300674 -0.146457 -0.02489 0.0140136 0.988805
1305031127.311362 -0.0859328 0.0732562 0.302833 -0.147364 -0.0259147 0.013369 0.988652
1305031127.347356 -0.0859608 0.0680563 0.306963 -0.146429 -0.0277707 0.0133544 0.988741
1305031127.379262 -0.0867124 0.068324 0.306737 -0.142845 -0.0285263 0.0127452 0.989252
1305031127.411371 -0.0876138 0.067046 0.308093 -0.142377 -0.0294334 0.0119967 0.989302
1305031127.447333 -0.0871992 0.0625406 0.312711 -0.14252 -0.031252 0.0123282 0.989222
1305031127.479362 -0.0889422 0.0635846 0.311382 -0.139502 -0.0315392 0.0111394 0.989657
1305031127.511356 -0.0896863 0.0630757 0.313804 -0.140389 -0.0326249 0.0101238 0.989507
1305031127.547348 -0.0886596 0.0590174 0.317428 -0.14105 -0.0342452 0.0104817 0.989354
1305031127.579345 -0.0899857 0.0599115 0.317378 -0.138528 -0.0341461 0.0102621 0.989716
1305031127.611271 -0.090312 0.0611593 0.318036 -0.138104 -0.0346094 0.00981847 0.989764
1305031127.647358 -0.0888263 0.0583098 0.321432 -0.139793 -0.0356388 0.0115375 0.989472
1305031127.679298 -0.0891485 0.0568145 0.32172 -0.13837 -0.0359073 0.0124736 0.989651
1305031127.711375 -0.0903463 0.0586687 0.320364 -0.136921 -0.0361459 0.0116746 0.989853
1305031127.747304 -0.0885276 0.0567687 0.323688 -0.138633 -0.0375866 0.0119851 0.989558
1305031127.779346 -0.0890945 0.0546909 0.325009 -0.137925 -0.0375376 0.0124286 0.989653
1305031127.811829 -0.0902459 0.0555819 0.323419 -0.135906 -0.0374147 0.0111138 0.989953
1305031127.847366 -0.090271 0.0548734 0.323796 -0.136222 -0.0375319 0.010372 0.989913
1305031127.879380 -0.0914089 0.0536646 0.323842 -0.136479 -0.0374146 0.0100072 0.989886
1305031127.911476 -0.0932132 0.0537096 0.323394 -0.13589 -0.0376486 0.0092069 0.989966
1305031127.947366 -0.0933939 0.0549523 0.323533 -0.136122 -0.0385247 0.00952724 0.989897
1305031127.979371 -0.0936301 0.05448 0.325917 -0.137852 -0.0393468 0.00948906 0.989625
1305031128.011427 -0.0921583 0.0551529 0.328503 -0.138656 -0.040158 0.00915719 0.989484
1305031128.047369 -0.0909596 0.0535682 0.332327 -0.141522 -0.0397049 0.0103231 0.989085
1305031128.079334 -0.0916976 0.0506849 0.333993 -0.142192 -0.038954 0.0115713 0.989005
1305031128.111391 -0.0908275 0.0497906 0.335205 -0.141687 -0.0394908 0.0121418 0.989049
1305031128.147418 -0.0903477 0.0496903 0.336586 -0.142231 -0.0397255 0.0135578 0.988943
1305031128.179350 -0.0891881 0.0467356 0.339632 -0.142266 -0.0401493 0.0151145 0.988898
1305031128.211447 -0.0901067 0.047786 0.337788 -0.139629 -0.0395471 0.01495 0.989301
1305031128.247480 -0.0908122 0.0482826 0.337247 -0.139661 -0.0395386 0.0152507 0.989292
1305031128.279336 -0.0899399 0.0457133 0.339649 -0.140647 -0.0403162 0.0156965 0.989114
1305031128.311483 -0.0909407 0.0463904 0.338201 -0.138882 -0.0397985 0.014874 0.989397
1305031128.347423 -0.0916742 0.046702 0.338019 -0.138735 -0.0396482 0.0141928 0.989434
1305031128.379404 -0.0916413 0.0455774 0.339272 -0.139283 -0.0403844 0.012817 0.989346
1305031128.411337 -0.0920086 0.0447087 0.338821 -0.138678 -0.0402544 0.0112995 0.989455
1305031128.447296 -0.092955 0.0447999 0.338229 -0.13816 -0.0399976 0.0100984 0.98955
1305031128.479296 -0.0929271 0.04424 0.339497 -0.138487 -0.0404925 0.00916767 0.989494
1305031128.511433 -0.0928928 0.0437567 0.339523 -0.138045 -0.0404018 0.00818622 0.989568
1305031128.547399 -0.0928331 0.0436808 0.339726 -0.137991 -0.039995 0.00776701 0.989595
1305031128.579455 -0.0930471 0.0418411 0.34055 -0.137955 -0.0393725 0.00761074 0.989626
1305031128.611395 -0.0947096 0.0409899 0.338585 -0.136701 -0.0386323 0.00768202 0.989829
1305031128.647352 -0.095983 0.0414642 0.337396 -0.135875 -0.0393277 0.00796604 0.989913
1305031128.679282 -0.0947031 0.0405774 0.338906 -0.135749 -0.0414776 0.00776274 0.989844
1305031128.711457 -0.0941384 0.0403571 0.338868 -0.134584 -0.0417124 0.0070551 0.989999
1305031128.747363 -0.0948128 0.0403739 0.337201 -0.133636 -0.04028 0.00552598 0.990196
